0 0 345 72 758 1074 456 99 288 1421 467 53 203 1475 483 61 155 1321 476 82 286 1805 523 114 403 588 460 80 335 1481 476 316 605 1045 433 101 322 29 319 188 792 181 350 277 715 1173 466 120 311 657 236 397 846 
1 1181 463 53 270 1365 486 453 476 986 442 53 156 1215 466 102 303 1087 443 77 291 1464 473 51 167 565 450 96 293 1310 454 84 306 1806 526 114 391 1373 465 90 279 1478 476 323 606 1025 437 100 322 40 324 306 751 1185 466 109 304 638 252 406 827 
2 1359 473 67 252 4 291 205 737 1476 470 50 171 1168 468 54 267 1807 529 113 390 1424 506 58 200 1316 454 81 302 1023 427 106 347 1482 468 318 618 1213 471 104 293 595 253 358 888 
3 897 471 68 184 1144 465 58 248 1165 475 53 234 1016 435 99 329 1478 473 58 167 880 447 88 264 1808 530 113 387 1427 502 62 201 1321 455 93 299 1069 446 117 314 1484 468 314 617 26 346 196 724 1215 472 103 292 560 290 373 816 
4 1192 471 98 259 1490 469 74 163 1809 530 113 382 971 599 76 186 1427 497 69 211 1328 474 99 291 1075 441 111 324 17 373 206 704 1481 467 321 622 861 449 103 287 536 285 335 824 1211 463 104 291 
5 1505 470 72 158 1430 505 67 194 500 466 81 344 1810 530 112 386 969 551 105 239 1326 460 100 291 11 328 215 761 1484 468 316 618 863 443 99 300 1071 441 119 323 1204 462 116 290 552 288 329 834 
6 0 320 124 783 975 589 85 179 1435 503 60 183 1002 428 101 287 1809 532 112 376 1328 456 98 288 14 333 212 757 1478 478 328 602 476 469 142 354 1080 445 130 319 1209 471 121 271 626 281 324 830 
7 1006 590 83 170 1015 441 88 171 1489 494 68 130 1340 474 95 249 1810 531 112 376 11 342 213 731 656 454 90 294 1482 470 320 616 470 466 142 367 1108 443 113 323 1219 468 112 275 716 308 308 787 
8 1420 481 65 215 2 311 130 801 76 344 171 732 1340 471 84 263 1811 531 111 384 1 347 213 721 1145 466 104 275 1483 475 318 602 656 451 89 302 1241 466 91 276 468 467 152 369 742 269 319 863 
9 1418 579 161 233 1 310 130 794 1033 427 93 297 1057 432 59 252 1412 479 84 205 74 340 168 732 1812 529 111 385 1320 477 95 244 11 347 202 715 1483 479 318 596 795 301 288 804 461 457 157 391 623 452 130 305 1113 381 204 512 
10 1153 598 70 162 2 345 207 730 1 315 129 801 1166 458 49 136 1132 494 69 270 1813 532 112 367 1389 370 212 565 1527 450 275 570 89 307 167 799 400 459 162 394 1214 456 102 287 809 280 345 838 625 454 110 302 
11 0 303 131 811 1153 592 72 162 1492 488 70 142 1163 458 57 137 70 318 188 768 4 347 221 715 1410 476 78 232 1319 470 95 266 1500 477 310 601 850 295 298 815 761 462 115 320 345 452 161 416 622 446 115 322 1210 457 104 283 
12 0 346 126 730 1504 489 58 140 1166 459 59 190 1816 542 110 363 30 348 188 719 893 312 257 767 1328 468 92 267 1426 464 76 248 609 456 122 303 741 444 130 347 1499 464 311 627 323 462 160 413 1217 457 99 289 
13 1210 456 63 258 1229 466 96 257 1818 539 107 372 1337 462 90 266 7 335 212 745 891 423 120 354 1431 467 80 240 962 307 257 787 1503 468 311 617 593 443 111 327 292 437 186 454 755 455 141 326 
14 1475 469 51 179 1755 460 62 202 1816 525 112 386 1379 475 63 241 0 319 188 770 1433 477 63 227 1279 473 69 228 1511 451 309 580 1033 323 260 705 256 459 162 413 597 446 111 344 832 416 148 378 739 452 118 337 
15 1341 464 89 253 1817 534 110 382 1784 410 104 307 1252 458 94 257 0 284 183 854 719 413 160 384 1430 472 73 226 1023 356 258 679 1508 455 293 641 585 433 116 348 238 454 182 437 
16 1401 493 45 201 1502 485 49 143 1812 532 113 533 1345 473 90 243 1455 477 71 181 1199 446 67 271 1280 461 67 256 763 453 107 332 16 309 205 785 1511 457 298 636 968 349 239 658 563 444 107 347 231 429 178 473 645 398 142 440 
17 1172 466 50 191 1812 527 109 404 1273 477 63 217 1228 464 97 255 1458 471 64 189 1343 486 63 212 1393 486 67 207 1513 449 302 588 582 400 185 439 11 324 217 699 931 350 253 658 219 453 188 451 745 433 145 372 
18 1449 584 134 227 1333 463 94 245 1322 488 58 209 1090 453 67 205 1166 468 65 174 1813 532 109 402 1379 489 63 203 1440 424 123 267 1505 455 292 645 1232 459 91 279 543 395 179 456 218 466 193 450 13 315 226 770 913 342 203 671 714 437 156 366 
19 1168 590 66 148 1479 469 51 171 563 429 113 395 1815 531 107 406 502 409 138 436 1345 407 147 423 1220 454 106 276 1515 445 296 595 206 434 193 490 881 349 239 616 6 331 203 743 702 443 141 362 
20 1446 464 113 225 1135 470 76 197 1522 486 75 138 1198 476 69 247 570 429 89 350 1816 532 108 398 1453 477 79 178 1074 457 104 248 1244 405 151 430 210 458 184 473 1511 457 294 640 15 320 207 766 880 358 213 616 679 436 161 370 433 387 186 485 
21 1509 478 69 150 1359 485 68 201 504 427 95 391 1379 493 62 191 1816 532 107 402 1095 459 68 223 1447 474 80 193 202 459 121 432 1508 449 295 655 1200 418 159 406 910 352 205 622 18 328 202 752 387 389 191 485 671 435 159 379 
22 1322 465 61 243 1098 454 66 202 1816 531 107 402 195 445 127 501 1456 479 72 209 1376 489 68 197 1195 409 158 420 1508 455 293 644 661 428 169 390 15 338 210 742 946 390 199 542 371 386 190 495 
23 1129 463 51 195 1386 495 53 190 489 414 77 419 1813 526 109 406 1327 449 87 260 1460 481 78 169 1198 424 139 415 1511 456 291 644 13 326 216 762 963 372 196 558 639 433 168 392 355 387 193 510 
24 1814 528 107 410 1452 478 72 180 1160 409 146 363 1321 444 92 273 1511 455 290 646 473 431 109 377 14 314 211 779 970 377 199 556 637 429 169 394 299 372 212 558 
25 1480 476 47 179 1528 480 70 150 1815 531 107 404 1175 411 132 440 1318 467 69 232 1434 483 66 202 1215 423 118 421 1375 479 66 209 651 417 190 429 11 315 214 773 1508 459 294 638 981 372 195 558 436 409 138 431 237 384 211 540 
26 1135 449 56 281 1497 476 44 162 1387 471 51 189 1815 531 107 403 1436 483 66 201 9 303 199 797 1508 455 295 644 1203 413 151 431 985 385 184 524 644 429 173 403 428 427 131 399 201 365 206 573 
27 1815 530 109 404 1434 482 74 206 1130 464 63 207 1513 456 302 573 8 312 200 777 1190 405 184 466 612 422 207 417 926 390 195 518 439 413 139 418 164 356 206 609 
28 1476 482 57 169 1107 496 47 198 1356 477 62 218 1062 483 51 166 1816 533 109 392 1434 479 68 207 1133 472 56 214 1512 453 306 581 1182 386 205 487 35 290 275 770 625 430 199 423 884 382 192 525 438 422 141 407 
29 1104 491 50 217 1055 476 55 220 1359 449 60 232 1816 531 107 403 0 352 121 305 1433 477 65 208 1134 465 61 230 1214 387 178 490 1515 449 299 585 119 261 287 893 877 384 202 513 625 426 199 433 410 409 139 439 
30 1495 498 54 138 1056 478 50 171 1816 531 106 407 1108 495 48 212 1390 476 46 171 1144 469 55 225 1437 479 66 206 896 396 192 482 1214 393 182 488 39 344 306 734 1516 449 302 586 613 411 214 456 387 413 124 450 
31 8 407 141 648 1491 490 67 150 3 488 118 471 1817 531 106 397 1109 487 108 212 1422 486 66 195 930 398 148 459 1135 468 69 243 1513 456 290 641 1202 380 198 502 400 432 147 425 618 418 205 455 
32 1466 580 122 240 1426 484 60 194 1816 531 108 380 4 413 153 623 1155 473 68 230 950 398 207 456 1512 455 290 644 396 403 175 467 1196 378 209 513 535 418 241 457 
33 1823 533 99 504 1472 478 50 160 2 413 165 629 1417 488 65 189 1514 458 290 639 980 378 155 492 399 420 152 434 1178 383 210 518 546 417 199 471 
34 1491 490 62 140 1814 523 107 417 1353 485 65 199 1430 489 69 189 0 370 177 714 1516 450 300 583 1003 418 148 421 611 412 212 473 1159 384 204 533 315 396 278 475 
35 954 464 62 193 1348 470 64 193 1458 571 131 257 1326 456 93 253 1818 528 104 413 1457 478 62 179 12 309 239 709 1520 446 298 584 331 413 176 468 1015 403 128 437 1123 376 221 562 620 413 225 479 
36 1325 470 52 189 1 391 127 686 1815 528 107 413 1339 455 96 253 1465 479 59 171 1516 453 299 572 418 416 119 479 1006 409 131 428 1105 381 220 557 156 321 309 770 646 421 198 482 
37 1402 479 53 183 1819 543 104 498 1268 492 66 203 1473 480 67 159 1344 469 68 227 1416 504 56 162 1013 411 107 426 1070 382 197 554 1519 446 303 590 170 316 212 789 385 404 147 500 586 405 258 499 
38 1267 561 65 149 1813 527 108 407 1276 492 69 200 1440 493 54 177 1501 472 57 165 1334 449 93 265 1213 471 66 193 92 311 230 791 1516 454 305 577 967 387 261 547 643 420 203 502 412 410 183 509 
39 1243 468 97 235 1818 516 104 433 1280 481 67 224 1465 477 57 180 1341 450 100 266 1212 467 74 202 1516 452 304 575 81 328 245 752 973 380 237 576 685 405 227 524 469 402 213 499 
40 1482 480 44 164 1234 472 99 231 1816 512 105 442 1427 485 54 169 1280 497 72 195 1103 429 107 396 1223 477 73 181 1335 457 90 260 101 292 268 828 1517 453 299 573 942 368 222 602 752 406 212 526 539 395 197 528 
41 1116 440 116 321 1 401 70 658 1401 472 53 185 1816 528 107 412 1240 475 59 184 1280 489 65 188 1460 486 63 155 1338 460 93 251 820 419 119 508 116 302 255 812 1124 420 139 406 1515 455 305 567 924 361 191 613 619 385 191 557 
42 1281 471 62 186 1032 428 121 440 1817 528 105 411 1350 465 66 235 1418 490 62 158 19 349 142 726 1477 488 65 148 1168 419 132 403 1516 453 304 573 73 320 266 760 741 389 164 542 870 372 246 593 
43 1509 482 57 143 1817 526 105 412 899 386 176 566 1399 471 59 195 1337 462 94 238 1463 483 56 157 31 292 199 762 806 359 236 630 1515 452 306 575 205 399 277 683 1050 403 244 550 
44 1155 426 94 342 1501 464 68 170 1818 529 104 409 1393 456 69 260 1463 476 44 156 1512 446 307 587 784 372 236 588 340 375 247 723 995 374 202 578 1181 386 252 568 
45 1819 529 104 412 1047 487 67 189 1515 450 301 578 729 357 255 628 1124 373 200 588 1316 382 257 571 358 370 211 695 
46 2 405 74 639 1472 470 46 182 7 376 195 591 1819 526 103 414 1085 482 53 202 1145 425 117 364 1511 437 306 603 377 401 192 651 665 361 271 634 1232 356 233 629 
47 1366 463 46 205 1705 406 162 341 1328 500 56 174 1698 385 180 514 1106 489 60 190 24 398 195 620 1166 431 133 344 1510 441 318 601 1400 353 182 633 387 399 190 618 623 346 285 666 
48 1392 467 53 195 1133 480 43 207 1311 457 89 272 1458 466 67 184 1785 401 131 477 1162 430 139 341 1515 444 312 594 85 393 214 627 406 397 191 618 648 334 273 691 
49 1287 467 49 174 1693 368 208 525 1481 463 79 176 1410 488 66 187 1341 489 66 185 1178 445 121 347 1514 446 302 594 470 416 166 585 606 335 281 691 117 401 240 602 
50 483 395 104 609 1311 478 50 173 1471 461 69 192 1428 504 60 163 1742 360 174 529 548 361 255 638 1344 489 63 183 1180 449 121 310 1005 506 72 190 1513 456 307 573 183 394 257 551 
51 1832 375 87 525 763 510 73 189 1771 388 114 367 790 508 71 182 1217 448 110 303 1440 504 60 162 1499 473 64 168 1181 463 110 283 1358 496 69 174 427 365 302 671 1507 452 315 577 282 418 189 555 
52 1508 462 66 181 1816 530 110 362 1449 478 66 180 625 445 179 508 1090 465 110 280 339 346 275 714 1372 493 75 175 1204 445 131 311 1508 439 308 602 
53 1816 531 110 361 1059 462 110 278 471 402 169 519 1387 499 68 164 1510 446 305 588 1205 446 129 299 1458 380 154 430 692 408 178 537 229 360 301 699 
54 1816 529 111 365 1045 453 109 296 736 426 178 495 513 411 181 508 1513 443 297 598 115 324 279 769 1204 443 125 311 1394 392 182 458 
55 1525 495 61 133 1816 532 109 362 754 421 183 502 1063 449 108 310 1209 443 132 296 1512 443 303 598 7 337 239 729 546 421 180 508 1357 392 154 464 
56 1439 603 135 220 1244 460 84 256 1463 484 60 150 1515 487 57 142 1817 531 109 363 1013 498 61 145 1195 464 62 212 1071 455 115 305 806 431 174 484 1509 440 307 607 5 334 220 736 1298 400 152 439 575 409 156 504 196 331 221 688 
57 1435 495 40 145 1453 597 125 225 1510 490 57 132 1470 491 47 145 1817 532 108 364 603 431 151 456 1206 477 64 218 1074 454 109 330 842 431 143 462 144 323 183 682 3 334 216 739 1510 445 303 596 1280 406 153 428 320 353 215 640 
58 1455 584 136 234 1819 532 107 361 1467 480 76 164 597 426 151 454 1210 468 68 234 1077 443 115 331 837 440 146 449 4 337 221 747 1513 461 291 629 1293 405 158 401 436 347 190 644 209 332 189 641 
59 1549 485 49 140 1294 438 81 296 1474 470 64 178 1489 486 61 150 0 339 166 660 1818 530 108 363 653 430 107 450 836 444 150 422 1206 474 70 225 1087 439 112 359 1511 452 304 578 1349 412 152 383 516 368 192 612 291 338 216 626 
60 1475 581 101 233 1253 473 45 183 1818 531 108 362 0 396 229 615 1296 443 82 288 846 450 144 423 1103 442 119 367 1512 447 303 590 614 382 209 561 1367 410 141 387 403 378 206 558 
61 651 409 87 481 1238 461 55 189 0 381 241 659 1297 437 78 291 1820 532 106 360 1142 452 109 370 875 418 134 460 1512 443 305 597 509 353 198 582 1361 408 133 379 725 367 164 561 
62 1461 599 123 221 1488 489 64 136 1264 453 81 287 1819 532 107 362 32 297 434 811 1515 447 303 586 1341 409 133 371 1163 444 124 385 579 349 200 572 806 378 203 541 
63 1478 482 44 148 1437 492 50 153 1819 532 106 362 9 358 81 588 160 372 339 677 1135 478 70 225 1312 414 126 358 1512 447 306 588 1207 430 121 392 857 389 189 498 649 365 194 536 
64 1342 434 83 306 1819 532 106 362 1428 489 60 160 1187 452 74 233 1087 478 107 232 620 451 137 394 1511 445 307 590 733 365 175 519 882 386 187 495 2 261 189 800 236 358 329 707 1263 431 105 399 
65 1470 570 118 248 1089 481 71 219 1821 531 105 361 1437 493 63 151 1248 492 52 186 318 384 287 667 948 411 150 437 1297 427 143 408 1176 451 71 238 1513 444 301 593 2 279 257 769 589 434 137 411 806 366 180 509 
66 1199 465 59 197 616 442 117 391 1461 486 62 151 1821 534 105 357 1257 484 57 196 867 376 171 464 1176 452 68 238 1041 397 144 456 356 377 283 690 1309 420 153 434 1511 439 313 607 0 300 276 805 
67 1475 492 58 191 1270 503 58 176 1821 533 105 358 627 440 119 384 1045 468 62 243 1253 495 62 183 1337 419 146 445 888 387 177 466 1505 441 315 600 1120 402 142 439 388 366 293 721 12 281 323 791 
68 1821 531 105 364 878 424 91 414 1519 436 88 287 635 449 141 367 908 392 187 453 1337 411 192 458 1513 437 306 606 1155 398 155 446 401 378 270 692 16 327 332 749 
69 1761 469 29 123 1515 433 88 283 1330 424 124 426 1818 530 108 359 868 429 124 407 1142 444 59 241 1357 422 137 443 676 435 139 396 998 374 145 461 1197 416 140 417 1510 436 308 613 417 384 258 687 81 324 305 767 
70 967 460 109 257 1512 435 95 286 1816 535 109 354 1328 413 170 499 691 448 122 366 864 447 113 380 1081 380 144 446 1515 442 302 598 1230 405 126 433 459 386 222 684 123 315 306 764 
71 981 463 70 122 1483 403 109 361 1817 531 109 360 705 464 125 334 1126 403 149 403 878 434 116 389 1276 402 192 516 1514 444 300 593 464 391 235 654 177 348 290 703 
72 723 450 108 283 1391 440 90 291 1491 438 100 293 1817 532 109 357 1184 384 126 431 1282 399 160 530 929 429 104 387 1515 457 297 564 1095 439 96 260 544 385 224 654 187 342 287 667 
73 750 441 83 169 1466 431 72 232 1172 485 61 168 1820 552 109 342 1785 432 105 291 1079 435 90 262 963 434 110 382 1494 472 312 608 1227 393 116 404 590 413 236 580 1297 392 189 555 208 346 274 658 
74 1770 459 101 253 1512 414 109 324 1017 452 109 295 1161 468 95 237 1821 541 107 354 950 454 93 283 1242 418 122 370 1510 435 305 615 1373 408 144 388 607 408 218 580 259 362 270 628 
75 1162 488 57 164 926 454 95 267 1509 427 101 301 1817 533 107 355 1217 485 53 165 989 446 123 315 1513 451 307 576 1386 405 126 427 1260 402 122 373 571 412 242 563 257 353 259 630 
76 1513 451 106 269 937 445 57 287 1076 505 41 159 1123 506 55 160 955 444 107 313 902 449 90 259 1819 527 105 368 987 428 110 345 761 447 122 304 1397 440 116 392 1192 419 146 412 1285 388 123 394 1514 445 304 589 551 392 192 575 264 375 245 596 
77 1763 512 63 148 1510 458 102 265 936 447 54 285 1816 526 112 368 963 450 105 337 770 462 127 324 1242 436 132 393 1407 418 107 359 1508 441 321 597 564 403 182 553 1064 427 148 404 280 359 234 602 
78 1815 540 111 345 897 454 105 288 934 437 86 329 1505 426 113 350 766 457 120 328 1134 434 139 401 1507 431 327 623 1246 409 123 370 1399 418 114 366 997 418 126 411 582 414 195 528 314 367 236 585 
79 1375 426 94 307 1387 424 72 199 1817 534 108 353 740 445 85 308 1075 431 159 399 906 430 163 393 1435 419 152 408 1515 445 314 586 613 412 171 531 1241 417 130 354 380 378 199 560 
80 1484 443 99 238 1813 498 105 322 1218 481 44 175 965 454 92 295 1513 448 84 212 844 424 151 412 1060 450 136 377 1511 443 307 598 1360 420 155 413 1244 411 118 341 620 416 185 511 354 382 204 541 
81 1818 527 109 368 1502 451 78 215 1010 423 144 417 825 437 146 411 1294 432 202 409 1509 442 309 594 1225 425 113 319 620 422 180 494 362 397 207 526 
82 1821 532 103 360 1241 428 105 394 1150 503 53 170 1230 427 88 345 1390 436 85 308 1487 448 77 212 1293 429 126 425 962 405 184 463 1511 437 310 603 610 432 178 468 801 440 153 418 377 387 193 522 
83 1495 460 57 178 1822 531 103 362 730 439 77 286 1126 512 58 154 941 432 145 432 1194 396 179 470 608 442 150 435 1365 442 109 293 1511 433 304 613 789 430 150 437 382 388 198 501 
84 1110 501 48 168 1005 462 98 337 1174 423 121 421 1826 532 98 359 1125 499 47 172 1514 437 105 307 1488 422 92 299 1343 434 95 293 1439 431 60 270 1149 410 197 447 1365 443 102 285 911 452 155 408 1517 450 306 579 733 400 185 475 615 430 135 450 408 398 178 484 
85 1385 426 94 348 1086 494 59 181 1141 415 242 443 1535 478 61 175 1824 529 101 366 1157 430 150 412 1389 424 134 408 841 428 195 465 1514 441 303 599 435 393 176 472 616 405 207 481 
86 120 364 71 148 1822 528 102 368 1512 480 65 176 482 398 119 469 697 431 112 437 985 457 119 281 1400 439 94 288 1270 440 156 394 771 437 174 475 1107 414 190 454 1512 442 307 596 541 418 171 500 
87 890 468 92 304 1527 484 63 164 1822 530 101 365 575 398 122 485 1157 433 114 407 1436 453 93 269 1283 460 62 243 1068 427 141 431 184 252 107 327 4 264 246 760 1342 425 92 290 1512 446 304 593 700 432 172 486 471 411 191 513 
88 1207 496 57 178 1822 529 103 364 280 301 112 283 790 453 121 394 1471 441 97 256 1306 476 62 227 384 400 219 254 1513 445 308 593 1366 436 102 273 973 406 208 477 601 408 194 520 0 271 479 791 
89 1463 452 50 222 864 418 115 428 1822 530 102 363 668 398 114 232 1282 466 59 232 1307 485 64 210 553 399 183 507 789 432 115 397 1152 499 67 180 1211 492 66 188 1489 424 94 259 1381 429 104 277 898 393 215 498 1512 443 310 598 158 270 500 798 
90 1821 530 103 363 635 413 71 139 792 429 109 424 1103 505 49 177 1153 498 64 189 1027 460 90 291 1213 488 67 196 1282 474 64 228 200 408 171 530 1413 433 98 277 1524 433 78 228 850 404 186 507 688 410 121 444 1511 448 309 586 285 279 443 811 
91 2 407 74 618 1140 503 50 175 1311 469 54 196 1165 497 55 182 1378 462 66 219 1822 531 103 362 1100 495 49 189 1214 484 59 196 1275 471 57 233 1247 474 98 230 1015 462 100 281 1442 428 94 275 1543 446 64 209 1512 445 307 591 766 411 196 493 158 390 208 556 371 329 394 750 
92 1241 478 55 211 0 386 88 660 1182 494 54 189 1819 452 99 422 1465 438 78 237 1280 482 63 218 1137 499 55 182 1032 471 93 267 1383 464 69 231 277 412 163 572 924 459 123 341 1513 445 309 582 740 411 192 499 406 322 393 762 62 424 191 553 
93 1822 536 103 360 1460 437 101 258 1036 468 86 273 0 330 130 755 1183 504 48 177 467 399 139 354 17 363 162 704 776 410 141 372 1230 487 64 199 1289 487 71 221 1133 503 58 182 1760 444 125 257 1376 462 72 218 930 453 125 344 192 374 187 655 1506 460 314 637 492 333 368 752 
94 1182 500 51 186 1438 484 39 162 1132 494 54 194 1823 527 102 366 1032 466 86 265 1373 471 69 194 1314 479 65 240 1464 435 103 259 1232 489 68 200 934 443 114 363 6 245 256 818 1509 462 309 629 390 405 208 528 547 366 361 700 
95 578 409 122 208 1315 471 55 223 1823 532 101 357 1183 498 58 186 445 391 122 416 1459 440 111 234 1028 455 85 289 0 418 100 589 1241 490 69 197 1334 469 100 240 939 441 113 362 1131 500 60 182 1509 444 320 595 25 319 343 767 597 351 305 735 
96 1317 476 55 218 966 445 108 321 856 431 106 311 1474 444 118 291 1823 534 100 355 1344 475 95 245 1195 485 61 206 1246 482 72 212 986 445 120 349 1130 498 62 190 418 376 134 438 498 407 198 534 1507 444 318 591 644 371 287 705 101 337 325 748 
97 1114 479 94 225 1825 531 98 359 886 423 103 314 1187 488 71 203 1246 479 73 212 1 386 95 660 1339 467 96 261 1437 445 150 420 1127 494 65 192 1001 447 123 348 1519 446 307 577 412 395 229 551 680 388 283 676 112 280 319 782 
98 392 455 142 381 14 389 151 656 404 435 138 283 1823 532 100 360 0 259 122 798 1176 491 58 199 1134 495 57 199 429 384 127 267 1025 451 114 309 899 425 103 339 1228 479 72 216 1322 468 90 268 1519 434 303 603 1409 449 162 425 631 377 309 720 130 328 294 767 
99 315 360 204 696 1022 496 65 254 1306 465 83 255 1160 494 58 193 1823 530 101 363 1209 490 75 201 375 343 162 662 1078 452 110 308 674 396 244 675 233 332 211 767 1361 468 158 404 0 210 319 852 907 425 129 351 1507 440 314 607 
100 1822 532 102 358 1455 465 84 193 1045 461 68 282 1384 465 68 183 1202 471 65 225 1112 453 96 302 0 173 215 923 936 425 113 342 1505 440 315 606 693 365 260 726 1246 435 181 462 464 363 224 660 203 315 262 784 
101 1101 439 58 308 123 401 150 617 1822 533 101 354 1094 463 89 270 1298 472 96 267 1461 465 75 208 4 228 165 840 477 438 158 547 1157 453 150 428 1510 446 311 591 953 427 113 341 734 398 236 669 596 343 184 665 251 317 258 784 
102 493 440 162 563 1282 463 57 242 1028 453 133 410 1455 472 78 194 1823 534 101 353 549 478 122 482 948 421 105 309 1061 465 137 393 1293 467 94 274 1212 483 73 221 1505 458 310 635 203 366 151 534 0 143 223 896 776 408 243 651 628 332 192 660 312 326 233 766 
103 0 250 178 780 1050 498 60 195 1426 488 53 162 1211 487 71 215 1823 532 100 356 6 199 119 884 1468 473 78 190 582 495 113 449 1229 494 72 193 1102 480 114 277 1314 487 96 262 839 410 223 643 1510 443 311 600 103 354 217 572 365 343 235 719 713 355 168 618 
104 1173 481 90 240 1420 485 53 166 1292 469 54 199 1823 532 100 359 1236 494 60 195 661 440 132 458 1080 468 103 274 1471 469 71 189 1337 484 86 268 0 148 186 872 797 347 157 624 1511 442 312 601 899 399 189 642 146 361 333 716 439 338 233 680 
105 1170 483 94 232 0 207 276 755 1093 467 89 269 798 446 141 426 1405 474 53 182 1824 531 100 361 1238 482 62 204 1468 466 71 207 1332 478 92 281 915 398 197 623 1514 444 308 593 203 325 510 748 0 79 349 1018 
106 1402 482 56 167 879 433 109 302 837 496 61 187 1824 532 100 356 1421 483 47 165 1052 357 163 575 1281 462 61 215 1064 389 135 408 1470 468 70 198 1341 487 84 278 908 431 210 552 0 113 326 891 1513 442 308 597 428 319 466 766 
107 1430 475 43 176 1232 474 93 235 445 461 113 260 1824 533 101 355 870 442 105 373 1463 465 77 209 1336 476 86 286 1081 357 156 547 1512 443 304 596 941 418 196 571 462 311 473 782 0 17 379 1081 
108 871 435 97 320 1399 473 45 167 1823 530 101 359 1451 466 78 207 1242 451 73 270 1308 478 97 284 1514 444 299 597 926 428 196 544 1079 366 171 526 0 6 444 1087 485 273 450 817 
109 424 339 153 326 1534 477 47 169 1823 532 101 356 1439 472 67 220 1381 472 55 170 1270 462 102 316 1098 361 184 524 1513 443 303 597 942 417 170 518 0 4 410 1078 449 275 506 827 
110 1355 493 61 204 1332 468 88 251 1493 475 53 176 1319 480 66 225 558 328 165 307 1002 426 143 311 1539 474 46 171 1823 527 101 364 1479 469 56 197 1426 477 66 205 1245 471 88 310 359 367 184 619 1507 449 297 654 1107 366 167 520 0 0 403 1086 508 251 613 830 
111 1243 468 59 238 1287 466 51 231 1492 473 53 186 1824 526 100 366 1420 470 67 199 468 386 168 557 1332 446 95 262 1537 460 62 198 1120 384 154 363 1511 439 307 605 275 397 233 672 0 12 360 1099 520 206 633 888 
112 1145 404 116 230 1823 526 102 367 7 50 106 1070 1527 455 62 205 1478 465 48 192 1349 461 69 248 1269 453 82 276 294 405 210 654 1042 439 187 470 1510 445 302 662 157 452 174 486 442 213 619 866 
113 1468 474 50 169 1510 464 62 191 1824 527 100 363 133 453 124 395 2 402 127 655 1266 459 82 267 1023 445 128 403 1524 458 68 204 804 320 227 769 1370 466 72 236 1125 419 180 490 1510 449 301 657 146 165 761 942 
114 1302 469 70 233 117 438 85 158 1765 443 69 231 1271 461 93 256 1819 518 108 379 968 462 83 381 0 394 126 514 1039 453 114 387 1524 479 72 176 717 318 267 760 1381 466 72 240 1511 440 297 669 1149 436 149 468 35 113 863 958 
115 20 429 173 577 1825 526 99 368 1304 474 75 228 1057 440 113 395 1 416 107 608 80 444 166 513 1511 423 110 345 1145 451 153 405 1387 460 70 243 1515 434 300 615 163 57 941 1034 
116 1148 425 129 205 453 404 143 225 1825 524 99 369 12 382 198 520 1517 386 132 342 1310 475 77 224 1509 432 313 619 1388 427 133 424 325 0 1048 1105 
117 1086 461 68 141 1824 522 100 372 91 387 212 426 1413 370 157 511 1146 445 147 235 1314 416 122 462 1497 436 319 617 235 0 1093 1081 
118 531 412 157 297 1182 412 98 447 1824 522 100 372 716 466 100 342 1307 382 136 499 1507 460 63 202 1221 413 108 472 1031 417 168 475 779 332 254 737 1512 434 304 623 4 0 812 1086 
119 1486 478 63 175 675 448 95 406 1551 452 55 206 1824 525 100 369 928 395 113 335 1424 483 71 209 1331 454 88 256 695 755 409 326 4 232 234 819 1011 421 169 479 1506 451 302 652 1149 362 174 551 745 321 248 633 217 339 505 748 
120 1481 511 83 150 494 418 125 193 1824 522 100 377 1410 488 77 196 832 328 177 662 1267 423 145 430 958 758 261 330 999 373 160 427 1156 435 116 407 3 259 240 770 1503 451 305 654 374 413 190 598 482 363 483 740 
121 1470 472 61 180 1161 416 70 157 987 420 109 321 371 423 130 435 386 401 179 606 1827 536 93 350 602 429 177 580 1179 459 132 331 1324 399 143 450 1075 446 110 357 448 424 188 587 1041 737 300 353 1510 431 307 618 0 264 248 776 665 378 372 709 
122 502 399 154 554 1 375 164 697 795 351 87 198 531 413 201 596 709 367 119 248 1830 520 93 384 1516 318 280 373 1220 453 136 297 1148 413 104 351 1402 421 128 425 1511 422 314 627 1098 717 291 362 284 408 219 574 592 412 196 631 764 383 373 686 
123 756 351 152 317 1150 412 95 348 1828 525 94 374 547 371 116 575 1106 693 262 381 1191 310 325 770 1511 446 314 590 378 432 178 522 594 413 203 637 208 402 211 599 810 389 348 693 
124 1496 461 135 332 3 480 90 469 1372 465 75 204 1296 458 120 256 293 405 128 525 1828 524 96 375 1458 469 63 190 1278 460 132 350 606 388 154 634 1051 291 213 557 1510 444 314 596 694 343 196 705 1157 667 226 413 381 363 212 607 106 397 267 616 837 371 314 722 
125 1300 446 112 280 2 485 78 484 592 368 190 678 1489 464 78 197 1375 465 71 209 1828 526 95 371 1277 464 130 356 414 480 96 302 500 461 108 331 1169 427 115 279 1508 444 309 595 66 389 232 628 243 352 169 647 1114 662 233 425 619 318 330 765 863 381 301 698 
126 689 404 158 623 3 396 75 658 1375 457 71 220 1827 524 97 375 1464 467 59 194 1525 462 63 198 772 440 106 535 1075 436 120 318 1282 472 121 340 1172 428 114 269 1505 462 297 635 1115 661 221 417 339 279 440 800 45 366 237 675 870 401 283 678 
127 895 427 68 113 1462 480 62 173 66 361 183 623 1389 470 62 229 1828 466 91 403 1540 458 60 202 6 358 221 699 756 417 139 564 1078 431 115 326 1506 452 297 653 1179 434 116 249 1291 453 126 356 1115 647 220 435 873 407 269 670 257 286 481 795 
128 1285 452 53 219 1497 470 54 184 899 431 77 110 1092 427 97 315 1429 463 58 205 1186 431 109 291 1828 525 96 371 1546 459 64 205 607 342 182 722 1211 440 111 254 3 268 230 787 1514 443 301 601 1315 458 116 336 769 418 168 577 1134 623 216 461 903 393 246 705 212 268 490 813 
129 989 447 40 74 1564 455 56 205 1828 527 95 369 1554 456 46 206 106 220 452 858 894 433 96 308 1457 468 72 197 440 370 193 699 0 242 326 807 776 406 157 599 1212 441 111 277 1334 440 121 360 1512 440 303 605 963 384 220 731 1214 630 191 457 629 337 167 734 
130 1471 472 51 186 1426 475 48 180 527 362 197 692 1488 465 68 198 1329 455 113 250 1242 438 88 158 1828 524 95 376 1041 491 66 187 934 443 90 307 1332 628 198 450 371 425 181 594 2 162 423 936 786 437 177 565 1505 434 307 616 561 358 265 731 1089 399 240 689 
131 653 476 75 153 1828 527 95 372 1436 463 60 189 1407 613 161 400 1025 456 66 227 1504 456 58 195 23 126 504 945 1504 442 302 673 490 395 249 677 1101 433 114 333 1202 395 215 674 719 379 265 706 
132 1014 497 61 171 1431 606 151 378 1828 528 96 371 1493 447 315 665 1 114 545 961 1097 443 122 323 814 419 237 632 576 398 295 687 1245 411 206 618 
133 1492 459 64 200 1425 466 57 202 1827 530 96 370 1047 503 72 208 888 403 166 630 1493 448 314 665 86 128 565 948 1114 432 104 337 703 396 257 676 1249 417 207 605 
134 0 424 86 470 1550 476 52 170 1200 480 63 219 1824 528 99 369 604 498 153 542 895 408 177 588 1498 441 319 594 87 167 525 923 1110 441 111 323 736 407 238 658 1273 418 191 578 
135 602 452 95 281 1175 458 63 254 1431 602 135 374 1824 529 100 366 1535 481 55 156 5 368 155 576 1097 455 114 293 740 415 233 613 104 123 536 959 919 404 199 596 1511 434 305 608 1268 431 185 541 
136 789 452 73 115 1205 471 62 185 0 393 124 517 1824 529 102 363 1508 475 55 175 89 137 514 928 570 383 219 675 1506 426 317 632 800 407 252 595 1021 422 204 558 1253 432 179 533 
137 1362 436 72 170 935 432 83 115 1112 440 50 71 1825 526 99 372 5 370 158 588 846 447 133 435 1394 583 136 330 1280 447 140 446 1130 429 178 530 117 122 475 959 1506 449 310 658 606 391 297 649 968 426 221 561 
138 1086 442 77 101 3 368 166 583 1821 527 103 370 1381 429 134 261 1387 571 119 352 1290 455 118 425 1508 458 69 201 1005 501 132 462 768 385 265 642 1121 417 184 571 1512 441 308 599 93 104 512 989 661 447 142 532 
139 1462 476 65 162 1097 442 96 259 5 392 176 539 1411 618 117 306 1822 527 102 367 568 367 125 404 1527 454 63 204 1299 443 121 458 83 119 554 968 870 375 242 649 1507 442 310 596 630 435 195 563 1137 421 195 551 
140 3 400 183 635 1385 437 86 155 1436 589 129 297 1822 529 102 364 1139 414 162 526 826 434 162 527 1294 443 149 458 969 411 235 589 112 175 529 912 1502 441 317 602 628 424 192 588 
141 1290 444 59 158 973 435 80 173 954 425 97 287 1219 451 109 286 1466 578 114 278 132 462 128 498 1824 527 101 369 250 186 422 930 1031 407 240 581 6 397 156 652 1509 448 314 591 824 435 174 524 1304 434 182 467 614 421 199 614 
142 952 431 79 163 825 429 61 108 217 408 142 632 1493 575 91 296 5 368 199 437 687 411 179 641 1823 529 101 366 1212 429 135 459 295 92 460 1014 1 396 182 660 1034 402 213 556 1517 442 302 598 830 438 173 512 1358 449 147 428 
143 1160 450 106 428 229 422 163 588 1823 526 101 369 1330 423 96 311 830 422 164 512 4 364 181 696 1225 439 127 446 999 396 199 560 281 68 550 1056 1515 443 302 595 1404 429 134 447 
144 877 421 86 308 1823 526 101 371 1157 451 118 424 229 427 174 555 6 378 207 675 920 480 123 390 1479 431 121 440 1233 444 136 430 340 101 572 990 1511 452 309 572 1001 406 183 529 
145 1820 520 102 381 1543 485 51 157 1159 459 118 389 1407 469 104 256 229 425 163 565 810 399 136 403 4 398 208 639 1502 442 310 603 357 83 530 1022 1274 448 148 419 998 426 189 495 
146 217 463 127 522 1820 554 106 335 1449 475 107 220 1427 454 60 216 227 415 167 590 866 416 83 339 964 455 90 280 1805 451 108 255 780 439 126 437 1203 447 127 419 367 91 500 995 27 380 210 664 1508 444 303 598 1298 440 145 406 1024 410 203 502 
147 1405 447 88 253 1 447 90 584 228 430 157 549 1823 525 101 372 1503 477 86 188 1429 461 76 213 797 423 133 458 1100 410 188 482 1047 467 86 390 964 448 94 295 1320 437 105 402 1235 437 128 417 32 415 251 640 312 79 500 1028 1512 448 303 586 
148 1285 440 114 396 1308 448 105 281 1557 478 71 180 1388 452 93 249 1819 527 105 366 236 438 172 538 806 447 128 418 32 394 258 625 952 453 90 285 1134 427 200 463 315 104 598 971 1508 448 306 590 1028 486 100 367 
149 380 450 86 157 1821 525 103 369 1412 447 100 255 1432 449 113 255 1332 441 93 262 223 417 175 565 297 75 529 1039 813 429 133 460 19 390 224 646 1506 450 308 590 1175 427 192 453 994 501 120 335 
150 1155 451 83 376 470 248 349 693 1334 441 86 269 1820 527 104 366 844 434 110 469 354 434 130 429 401 184 462 911 1180 425 200 440 1507 457 74 207 1430 452 75 235 1512 446 303 590 224 416 180 565 994 494 115 344 22 382 225 657 
151 428 409 65 139 1431 455 74 230 454 419 109 437 1819 529 106 366 348 446 128 419 1147 445 105 381 1030 500 100 318 476 170 564 928 1507 443 313 603 1226 442 151 409 227 430 173 544 24 391 282 639 
152 960 449 89 271 0 556 94 477 419 422 95 458 365 422 84 436 1823 526 102 370 1432 458 77 224 1259 430 161 419 245 429 172 494 447 108 631 980 7 400 201 614 1061 509 105 301 1153 447 119 368 1507 441 308 602 
153 1096 433 48 312 0 534 90 523 1061 453 51 259 1041 455 88 251 434 425 110 479 343 444 121 506 1191 467 90 342 1799 416 120 473 1433 460 70 222 1279 433 138 403 1117 481 98 325 257 433 118 454 487 106 616 992 1507 435 308 612 16 410 231 604 
154 1192 454 100 350 997 417 187 515 1014 447 95 290 790 391 105 352 1825 524 98 380 1217 441 96 378 1291 437 116 390 885 445 124 362 86 392 229 614 1514 442 296 601 270 90 581 1016 1355 430 203 640 
155 1123 422 67 143 1453 469 61 204 1826 526 98 372 1156 438 168 473 1304 442 143 389 432 424 154 566 865 446 113 353 0 60 474 1035 557 398 136 456 1509 438 308 607 714 383 163 535 926 433 307 638 
156 1267 438 177 506 0 126 117 905 1821 506 98 318 1176 460 48 211 1323 430 116 471 674 380 182 675 1460 460 62 217 627 409 170 653 1225 426 177 502 309 405 187 576 976 433 81 331 866 436 126 372 722 373 151 565 1065 440 120 366 112 372 239 662 464 424 223 650 1510 437 314 608 
157 342 425 107 492 1827 533 95 357 178 405 161 662 970 438 87 324 1464 464 64 201 1056 438 140 376 870 438 117 371 1304 425 182 500 540 395 147 556 395 379 199 626 37 421 186 658 1233 456 106 347 1509 439 313 610 742 400 165 527 
158 1467 465 65 197 1825 528 99 365 1027 422 137 411 1325 434 175 488 8 418 162 503 296 406 158 546 134 413 188 534 1168 456 154 352 420 393 215 575 607 371 220 589 1510 439 312 605 817 356 192 600 
159 1467 465 65 175 861 426 97 417 649 411 109 516 1828 524 95 373 1055 424 121 412 0 420 118 507 90 410 177 565 1325 428 177 488 922 368 157 581 1171 445 128 369 261 412 186 538 428 384 208 588 685 383 201 585 1508 441 310 603 
160 429 404 120 318 1100 445 94 304 1827 525 97 370 1017 400 112 455 1 408 95 533 824 353 168 622 698 439 161 519 1177 468 128 331 1292 417 181 498 255 410 202 567 63 402 208 587 1512 444 304 599 509 422 191 549 
161 1477 470 55 182 432 346 139 567 1825 525 99 371 874 431 127 420 1314 438 134 444 537 418 169 558 0 416 107 575 1199 463 134 329 1511 443 303 598 90 409 186 587 674 374 196 602 266 407 182 584 973 369 219 556 
162 222 397 95 156 934 433 97 403 1227 468 87 319 1823 527 101 370 439 388 135 514 0 424 85 569 893 432 114 437 1014 429 113 421 762 416 175 514 1108 384 185 547 1307 447 144 447 1509 436 309 612 251 388 217 613 51 405 226 594 565 341 221 661 
163 888 434 108 451 652 412 135 492 939 426 88 414 1829 530 94 363 784 430 176 492 1017 421 136 445 399 405 139 492 512 375 218 643 1153 390 184 519 5 409 190 606 1334 428 166 491 179 394 254 640 1506 431 306 622 
164 0 441 94 554 935 434 115 432 1833 528 90 371 1020 416 135 454 612 429 179 492 342 384 152 538 1163 477 106 303 1385 439 159 454 789 430 176 481 38 379 265 650 459 367 202 662 1240 374 164 515 1508 435 309 612 
165 1421 503 64 265 144 389 168 550 735 431 139 476 1831 527 92 371 1198 477 81 294 586 418 170 517 1472 430 138 392 1074 411 128 467 876 425 191 496 317 391 206 632 1506 440 317 605 6 377 184 666 1270 385 173 502 
166 114 400 117 364 1194 446 88 291 1031 406 83 357 1826 524 98 373 749 434 146 468 1062 394 167 518 892 423 173 500 4 389 158 673 179 386 199 649 1509 434 307 613 352 376 162 568 590 436 178 472 1279 377 180 511 
167 1204 475 52 237 1302 433 83 333 1180 452 81 296 1001 426 93 462 1827 525 97 371 1 392 121 655 1044 393 164 545 1346 382 167 503 845 407 182 531 1508 433 307 616 96 346 226 708 348 371 175 581 612 433 213 464 
168 995 428 51 259 1019 422 109 431 1826 526 98 369 1260 457 117 296 44 366 178 575 1513 459 307 558 807 402 199 557 1049 382 175 556 1377 407 177 446 346 380 172 577 629 434 195 457 171 372 196 702 
169 1443 480 54 168 1348 461 80 270 953 433 96 412 1499 417 129 358 1388 466 63 252 1826 525 97 372 1243 460 107 294 1053 391 178 564 1515 444 304 596 788 386 217 589 583 437 191 458 367 405 175 537 5 370 189 579 168 358 212 716 
170 1009 431 101 428 1467 472 55 181 745 411 106 454 1825 519 101 385 1404 456 95 290 1340 510 71 226 1057 369 185 619 232 516 158 448 11 343 163 732 1241 455 104 300 804 404 199 582 1510 427 309 625 553 426 191 471 391 366 179 603 
171 1106 398 115 510 945 403 99 499 1437 460 92 260 1427 462 69 269 1366 512 78 223 1823 512 103 393 1009 383 159 626 1046 376 169 643 1242 460 105 291 0 342 158 627 208 511 144 452 612 428 182 452 1508 430 307 626 761 400 206 595 309 369 217 590 
172 873 427 92 440 1543 499 49 142 1471 475 62 178 1324 460 60 205 1828 527 96 367 0 376 118 554 1148 392 102 484 949 407 103 479 193 506 107 456 1405 513 79 220 1049 380 154 645 1252 461 98 285 1510 442 303 602 712 388 221 625 251 365 203 610 
173 7 377 163 581 1051 361 166 689 1116 369 100 563 1829 530 94 364 1481 473 50 176 1544 474 57 176 2 354 93 610 1407 492 93 261 1265 461 108 281 863 368 127 533 972 344 189 716 1505 433 309 623 663 369 241 681 168 349 231 650 
174 1268 456 58 222 1829 527 94 371 1423 519 79 201 1491 461 69 196 3 444 82 526 1155 467 96 367 1313 456 106 280 1044 381 153 577 1506 437 309 611 890 331 182 750 598 374 254 683 62 355 285 648 
175 735 413 118 464 773 366 187 689 1454 510 78 178 1828 526 95 371 1330 459 102 283 970 363 156 557 1507 441 305 603 814 333 198 763 1126 384 204 583 548 374 270 702 22 340 274 676 
176 1644 308 155 291 1269 462 98 370 1822 524 104 374 1468 504 66 196 1006 396 101 518 680 359 140 608 1316 389 208 577 1144 478 113 255 0 340 226 670 1493 429 331 621 811 321 218 794 488 377 248 707 
177 1505 381 144 385 1461 360 211 453 1829 522 94 378 0 328 119 684 67 515 104 430 1048 317 298 755 1512 414 309 644 1306 429 158 401 465 363 283 712 787 276 288 854 
178 1324 443 83 299 763 323 151 693 1090 425 86 307 1501 447 112 351 1796 389 121 509 616 314 178 765 1366 438 138 387 1209 471 104 253 853 312 255 802 1513 445 302 596 2 507 132 427 406 342 290 748 
179 5 495 80 462 1827 526 96 373 52 327 228 763 1016 387 134 497 1160 443 93 281 1363 454 92 270 1449 452 125 363 1514 449 303 583 1246 474 95 255 694 340 168 622 800 299 262 810 349 382 307 667 
180 1539 481 40 153 1466 469 70 180 1494 466 65 183 1827 528 97 369 0 506 75 450 1154 443 96 276 1264 471 92 251 1363 452 115 261 838 321 282 761 1506 449 315 583 266 368 321 681 557 325 242 673 
181 1435 497 54 200 1827 531 100 372 1468 465 70 196 1159 444 88 275 1358 454 113 255 1259 467 94 256 781 332 317 748 1539 479 57 166 394 314 207 724 149 339 330 756 1510 431 310 619 
182 1469 497 47 198 710 354 265 706 1827 513 98 397 1358 448 73 275 1552 481 45 169 1434 497 62 210 1273 469 73 240 1094 409 115 456 124 334 317 747 1512 439 305 606 0 350 163 700 627 266 418 841 
183 1239 477 99 241 1131 411 115 450 1538 490 50 156 1 261 110 803 1268 483 68 207 1825 527 100 371 1443 496 74 209 1345 457 86 261 1077 395 170 510 74 284 413 800 944 429 137 455 516 252 414 850 1510 438 303 603 
184 1436 495 60 205 1079 437 83 320 1764 513 30 77 1542 492 55 149 1271 485 71 201 1823 530 102 365 1346 453 90 265 1448 498 72 206 951 429 134 471 1162 382 119 527 10 260 403 836 1509 440 306 600 439 216 459 885 
185 1461 493 62 186 1365 457 102 254 1343 453 94 269 1826 526 97 374 1082 422 81 342 1484 473 67 186 1436 501 60 192 0 251 283 830 945 435 162 474 1144 379 183 537 1508 443 304 594 365 176 540 923 
186 1345 444 95 273 1826 525 97 376 1501 478 71 182 1447 499 68 195 95 321 276 749 1144 379 193 560 248 143 629 918 992 416 177 508 1508 442 307 596 
187 769 431 124 451 1827 524 96 377 1524 478 68 180 1460 498 60 194 733 404 135 498 196 119 563 944 1205 360 192 604 1044 401 172 549 1509 441 304 593 
188 1517 478 54 167 1571 509 50 150 1832 514 88 436 1150 398 184 551 460 316 183 701 985 471 111 260 17 51 508 1030 1348 365 159 589 1507 435 310 614 724 410 188 497 
189 1834 499 86 460 1478 389 232 686 1329 388 169 577 958 479 129 249 1246 487 62 204 1115 434 151 386 3 138 163 896 1489 432 337 618 521 329 222 681 379 409 168 540 759 383 186 547 
190 1590 378 260 575 1789 333 131 652 430 436 89 379 1491 514 68 152 1358 467 52 200 1395 470 101 233 1310 462 59 217 1242 479 57 216 375 421 113 399 1085 418 160 408 1513 417 310 633 821 382 191 547 495 332 225 670 
191 410 409 101 397 1238 489 53 195 1546 487 69 162 1497 512 59 151 1163 437 106 317 1071 424 139 395 1290 467 68 207 377 422 116 395 1412 471 75 222 1351 463 60 210 1505 460 314 637 500 332 216 648 860 368 215 589 5 522 179 536 
192 1187 432 94 315 1533 481 82 174 1412 473 107 230 1289 463 64 216 1348 464 60 211 675 439 143 467 1093 406 143 432 422 420 104 406 1500 443 327 605 169 514 179 531 9 420 150 617 521 339 170 641 899 370 191 608 
193 1830 503 87 463 1417 461 101 244 1285 461 60 215 1540 491 62 179 1133 429 153 389 1344 459 63 217 435 453 134 372 1477 448 322 596 314 524 159 505 935 362 177 616 80 424 213 607 742 428 173 477 558 353 188 584 
194 1826 532 97 515 806 484 68 215 403 413 130 209 1527 488 66 168 1138 391 192 475 1347 457 70 227 1413 473 76 218 353 508 140 515 460 497 153 511 1502 442 323 597 854 432 151 438 984 346 211 660 617 345 178 596 153 430 209 575 
195 1503 487 65 166 1833 521 90 544 536 530 93 378 398 450 119 388 556 515 100 443 618 532 111 474 1410 479 78 210 1253 384 178 476 954 428 113 419 682 362 155 552 1490 436 313 624 1037 342 200 677 215 436 222 560 
196 1833 512 89 562 709 376 166 151 1211 414 120 378 787 517 130 433 929 485 104 273 1328 375 179 500 700 494 123 495 307 417 194 573 1498 438 310 620 1017 324 227 706 
197 1830 509 93 569 339 408 90 460 736 373 125 509 1148 456 118 380 308 416 101 441 1248 407 115 424 811 521 126 446 1488 436 329 625 1354 375 143 497 967 354 200 686 387 435 194 538 
198 1534 490 53 157 1832 485 86 497 753 368 168 526 1502 438 306 618 1165 506 141 434 888 363 222 687 435 435 190 523 264 402 174 473 1285 371 197 520 
199 1215 435 119 415 1198 436 98 409 1205 374 175 531 1828 522 96 377 1100 461 96 238 1389 406 211 474 987 521 135 425 2 360 170 623 1491 469 323 612 1273 517 141 422 459 445 224 518 784 327 258 752 229 385 185 500 
200 1313 429 79 169 1826 504 97 411 983 465 66 232 1451 393 160 397 13 399 241 595 1492 463 320 621 1318 505 157 426 218 401 188 486 510 425 194 544 1046 518 143 436 697 352 254 720 1160 358 166 549 
201 1745 418 95 307 1248 466 99 238 545 493 130 414 1828 514 94 403 1462 388 139 364 869 404 140 445 1284 471 67 217 1235 492 62 190 1124 519 138 412 1388 505 142 413 1485 458 328 632 1001 366 170 565 75 380 270 573 637 331 228 756 
202 1170 497 41 169 1279 478 67 173 1131 490 63 182 1439 400 148 242 1386 469 59 198 1830 518 91 396 1425 508 127 405 1504 459 296 633 1202 506 126 420 209 382 260 566 845 385 206 534 64 385 186 533 488 313 293 773 
203 1218 495 48 180 933 426 94 403 1423 395 170 338 1121 487 64 191 687 452 136 431 1829 521 94 388 1533 450 284 583 1409 516 122 422 1247 505 123 419 7 367 189 558 786 371 219 595 286 392 212 540 448 303 260 802 
204 326 400 126 508 1828 528 93 391 942 445 99 376 1220 495 49 180 1095 481 62 198 731 442 111 439 1510 454 291 569 1390 515 115 380 1252 503 113 409 808 361 196 625 353 280 288 849 4 363 179 572 
205 1405 462 97 357 1824 522 95 277 1265 366 188 549 790 447 91 435 1326 515 126 401 1445 424 112 342 1089 478 56 203 711 465 89 334 0 352 181 612 1487 474 316 600 1183 515 106 399 833 354 202 641 275 287 301 832 
206 1824 520 100 380 1507 481 63 178 1177 518 105 380 1262 515 97 382 791 447 110 420 1481 479 319 590 423 387 202 503 149 309 323 787 689 461 114 348 1360 436 124 339 877 357 199 640 1046 378 203 521 
207 796 472 99 378 1482 484 47 167 994 338 160 606 1821 515 102 389 1276 503 121 390 1361 451 108 306 1495 474 295 600 1173 494 113 410 0 336 331 730 816 350 247 644 680 457 135 361 466 399 222 480 
208 1 446 214 553 1822 525 102 377 1471 483 63 175 1192 512 106 372 1491 452 295 593 1318 451 126 310 568 417 224 470 955 359 208 573 765 333 223 689 
209 975 411 83 336 1821 525 104 370 0 550 118 377 1467 482 57 179 867 468 122 376 611 454 95 381 1492 453 293 590 1319 452 118 310 676 321 231 753 1019 346 228 592 
210 1533 507 59 150 1367 457 91 288 1823 523 101 376 1482 499 55 168 1071 520 111 347 808 428 137 426 1491 454 295 586 982 417 113 341 537 321 280 758 1163 333 246 653 
211 1830 526 96 404 1426 328 168 661 1223 482 115 372 1766 437 117 317 1327 451 110 300 860 421 118 412 1496 481 288 592 758 453 145 400 1008 429 107 335 1111 508 100 380 411 336 301 737 
212 1437 482 58 165 1792 331 127 650 550 460 143 380 0 420 87 614 1492 492 291 570 860 428 138 393 1228 460 120 414 1022 429 103 328 1114 487 97 377 766 462 146 384 1337 449 101 304 276 340 309 741 
213 1823 518 101 551 805 458 129 372 857 441 133 391 1500 474 290 604 1481 449 106 363 1121 493 111 361 1344 449 155 380 1015 439 111 320 1222 471 132 399 561 456 156 386 12 354 217 693 181 313 305 791 
214 1491 469 63 194 1834 507 88 557 865 453 143 385 1106 459 62 212 1013 444 102 309 1496 468 294 614 905 458 134 377 1235 475 108 373 1309 455 100 373 62 304 340 793 1147 501 107 344 1390 454 120 371 627 456 164 402 344 371 232 653 
215 1007 453 102 353 1831 519 87 430 1469 471 71 194 1101 462 58 209 737 448 112 429 1263 483 92 353 949 452 126 374 1494 472 294 606 1177 481 106 367 257 344 172 660 847 425 135 393 1351 451 136 373 0 289 340 759 585 392 211 608 
216 1018 446 100 290 1545 494 53 175 952 447 102 363 1832 514 85 441 2 269 255 792 1466 466 71 201 1260 484 86 339 995 448 112 369 1489 478 300 600 1347 449 126 372 1172 487 105 350 743 376 227 606 280 379 214 581 
217 1836 504 81 461 1537 483 57 177 0 261 193 770 1453 468 76 207 1015 447 115 369 1257 477 87 332 1490 479 300 592 784 445 124 440 1163 485 112 335 1333 447 118 371 870 369 196 602 317 375 204 573 
218 1125 522 50 130 1838 501 79 463 810 446 140 258 1449 473 72 216 1534 501 62 163 1258 481 86 326 1488 479 302 592 1338 457 99 345 1165 500 100 324 942 391 206 541 
219 
220 1516 488 44 160 1544 480 42 173 1832 495 83 473 1562 443 235 573 
221 1830 497 87 463 1339 454 93 274 1441 453 97 241 1226 425 127 255 1499 444 289 606 
222 1549 491 36 151 1386 471 62 187 1834 494 81 480 1456 479 74 207 1501 448 290 597 
223 1321 474 63 167 1837 476 78 511 1223 414 126 213 1459 477 77 181 1454 453 107 238 1379 469 72 228 1497 451 293 593 
224 1842 505 76 572 1608 466 225 624 
225 
226 
227 1828 439 89 553 1533 489 49 160 0 25 1415 1008 1371 421 130 402 1494 437 301 623 
228 1836 507 86 449 68 56 1117 951 1776 410 111 299 1307 471 91 271 1484 477 316 595 1394 412 146 422 
229 1835 515 86 544 1231 484 81 282 10 409 151 592 1317 462 95 285 1492 440 303 613 1418 426 137 395 125 7 1043 1079 
230 1430 435 125 266 1834 510 82 444 1279 482 55 229 162 431 171 488 1456 505 128 316 1320 468 100 276 1508 434 277 616 277 3 974 1085 
231 1831 499 84 463 1484 424 71 126 137 467 268 627 448 395 207 557 1494 422 295 638 580 0 1021 1104 
232 765 419 111 204 733 413 120 219 792 506 172 420 925 407 145 471 538 428 284 635 36 460 265 624 1056 3 873 1094 
233 1081 511 66 264 700 418 133 449 1187 511 95 255 1390 520 110 350 935 433 131 437 767 421 192 499 8 447 228 648 1296 460 106 276 372 455 251 632 1447 138 481 913 
234 1312 467 73 182 1838 500 77 470 1019 451 106 275 1406 449 118 282 1105 520 67 227 384 516 137 293 1392 445 119 408 1329 533 125 337 1148 505 96 252 0 265 170 782 1491 450 299 588 699 408 191 464 892 422 210 499 181 447 205 657 
235 1315 445 91 274 1335 475 111 354 1835 513 83 551 1435 475 66 182 1284 457 61 221 1245 471 68 231 1489 477 68 185 9 247 299 713 1495 433 303 632 905 410 151 443 438 516 135 308 1352 485 128 378 744 396 177 471 1048 411 203 500 
236 1090 518 60 215 1833 474 83 520 1334 444 87 300 1495 476 60 183 954 421 147 435 1383 496 119 361 14 248 417 850 1500 439 297 616 755 422 163 426 567 505 145 314 1187 424 196 459 
237 1841 506 74 464 1239 468 63 199 984 479 59 251 1176 510 75 246 715 511 95 304 1304 448 91 313 1045 454 146 388 168 322 319 752 774 434 143 406 1501 440 293 619 1374 418 152 462 
238 1199 521 63 213 957 448 107 292 1835 519 85 424 1293 457 80 294 892 420 95 354 761 417 198 433 1349 382 169 496 1497 448 295 599 236 307 349 786 1049 438 147 389 
239 1842 498 79 471 1131 474 70 219 1482 370 129 454 934 432 89 313 754 507 95 274 1778 406 115 382 1520 485 266 590 1396 507 104 329 1197 376 172 498 835 415 149 420 1024 419 122 408 398 313 337 781 
240 1842 504 73 461 1323 473 61 239 957 428 101 330 860 419 137 417 1265 457 97 283 1497 488 300 584 1119 379 170 500 1378 356 173 502 1041 407 100 433 531 292 299 833 
241 1843 499 72 471 1513 424 121 338 897 417 110 416 1009 430 80 318 1495 488 302 578 1257 463 115 274 1360 349 161 506 1078 406 144 445 652 328 285 755 
242 1140 417 134 365 1830 531 91 536 1294 470 51 225 923 440 115 374 1506 425 124 346 1023 444 87 300 1506 491 289 574 1368 376 135 490 1108 390 177 468 704 318 258 765 
243 1091 441 88 314 1517 423 116 336 1041 436 88 304 937 436 127 379 1152 398 136 445 729 348 249 707 1282 466 63 239 1329 384 173 474 1524 13 388 1065 
244 1837 503 78 456 1091 433 82 296 783 345 254 700 1039 51 782 1058 
245 1833 511 81 430 1650 506 140 415 877 372 189 603 992 48 719 1051 
246 885 509 62 182 1835 513 83 397 1665 505 131 403 928 368 232 616 4 319 161 706 1137 105 603 987 
247 943 431 95 421 1748 431 92 296 1828 510 90 415 1646 529 154 395 988 363 194 592 6 329 264 661 1127 100 601 997 
248 1826 520 91 389 1632 512 159 412 0 320 103 684 956 440 109 292 1059 378 156 367 57 347 259 654 1077 183 612 908 
249 1832 513 84 407 6 328 119 652 1538 461 252 558 965 432 105 337 80 352 249 640 1020 179 565 910 
250 1842 515 77 551 1758 522 56 144 984 434 118 344 1526 467 257 621 0 335 165 638 143 366 259 611 1089 195 508 890 
251 1765 514 74 218 1836 502 83 453 888 423 98 342 1531 455 265 569 955 390 186 475 1 323 177 639 200 353 246 612 1106 211 482 862 
252 891 433 84 384 1832 520 93 553 1780 520 74 220 1450 391 136 487 911 383 177 486 1520 451 280 585 1037 217 496 871 5 319 153 632 240 358 231 592 
253 1391 452 80 350 1781 525 71 210 1845 526 77 384 1350 458 85 343 1771 493 92 277 31 304 166 670 1497 396 130 383 680 455 101 268 1503 474 293 606 878 377 181 508 271 373 233 583 981 252 449 813 
254 1449 432 90 325 1846 512 77 414 1521 399 129 347 1016 442 91 296 1 30 490 1024 739 455 97 261 1498 462 324 627 820 386 205 509 1093 230 401 855 
255 1513 418 127 331 1763 526 75 147 1840 518 81 402 758 440 80 272 1044 444 94 283 959 439 92 308 56 13 628 1093 1492 471 320 605 805 384 204 534 1096 268 428 809 
256 1497 472 51 195 1043 447 82 294 1532 407 118 321 1828 530 96 368 7 373 231 654 961 443 121 313 227 42 559 1059 1484 432 334 632 759 389 216 526 1104 263 411 813 
257 273 367 70 161 1827 528 96 375 1172 418 83 270 142 378 208 564 754 368 156 580 3 357 220 719 1084 443 86 284 989 449 125 292 292 79 513 1026 1519 440 286 613 1198 307 377 734 
258 982 483 49 175 1835 517 85 394 242 370 183 595 1023 447 95 301 1092 464 91 267 0 306 354 726 831 452 87 275 1185 411 98 288 1236 299 354 750 1541 435 268 617 364 159 486 938 
259 325 381 140 387 1187 422 84 268 325 366 168 564 1832 519 88 394 1102 463 87 267 985 482 54 178 861 439 86 285 1034 459 98 274 1546 450 252 592 0 258 427 828 1217 301 352 789 451 190 423 901 
260 1828 529 96 550 1805 404 111 307 1101 455 84 272 984 480 56 183 1038 457 101 275 1544 460 251 576 1171 424 110 315 1258 288 326 821 375 348 168 552 501 224 421 871 1 274 432 832 
261 1114 446 79 273 1831 500 87 467 982 482 54 179 881 441 84 297 1166 418 91 310 1539 459 260 581 1047 444 95 293 1238 328 351 747 556 282 332 777 412 354 171 550 35 289 458 815 
262 97 386 350 581 1530 431 99 297 1825 522 98 384 883 402 124 503 1163 428 81 282 1041 445 111 279 67 296 419 814 447 347 186 560 1215 311 350 774 1527 443 275 599 585 267 327 859 
263 1825 519 101 391 927 445 87 310 1468 410 122 373 1522 466 279 622 200 390 358 659 509 366 148 512 1174 317 361 770 643 308 299 772 971 416 185 484 
264 1759 467 62 196 1058 458 59 254 1501 477 57 181 1114 445 95 361 1501 449 290 604 234 384 323 684 568 363 155 516 1179 309 329 774 731 300 288 799 
265 1494 476 67 181 1322 430 104 449 963 437 95 314 1384 422 120 441 1502 453 295 593 1791 394 127 493 594 363 159 516 1036 331 327 736 316 395 301 670 712 287 285 820 
266 1230 431 120 455 1297 419 85 289 1483 402 152 372 649 363 121 513 1504 466 301 614 1723 384 198 500 1372 451 114 307 406 372 247 738 982 324 311 764 730 314 222 789 
267 1467 466 63 234 1547 465 55 194 1496 459 305 629 1269 425 93 287 657 377 149 489 1701 375 212 508 973 336 309 731 1358 454 113 329 424 409 237 672 782 305 236 800 
268 673 368 87 147 1527 464 66 203 1695 365 189 463 1191 460 63 262 1463 474 65 226 1276 427 86 294 852 343 167 734 1496 447 306 604 1359 446 107 321 525 395 239 682 716 410 150 605 926 323 318 772 
269 1539 442 60 220 1834 506 89 413 1406 450 81 302 855 405 103 521 1495 466 64 201 1664 377 183 349 1431 475 66 236 1338 445 95 304 1166 429 82 327 1270 431 84 287 1490 466 317 618 673 376 199 712 912 352 303 725 517 429 196 601 
270 1843 495 74 453 1312 451 91 271 693 377 179 599 656 366 115 463 1460 469 60 222 863 390 84 131 1306 435 63 255 1179 407 101 360 1622 365 209 414 1362 453 102 334 1502 476 291 599 721 373 203 694 910 333 281 758 422 415 234 648 
271 1443 464 51 205 1782 343 139 607 1226 439 85 294 1317 473 62 238 1378 455 104 302 1100 367 181 668 1493 423 296 638 862 333 282 777 341 421 244 656 583 401 207 592 
272 1847 506 73 437 1329 452 85 262 1232 440 97 306 1308 482 63 227 803 401 123 244 1637 321 219 512 659 359 144 525 1512 477 273 595 1082 351 219 652 270 419 244 666 1400 367 184 694 829 370 294 718 476 397 205 617 
273 1238 411 82 363 1837 509 80 426 1422 339 172 726 434 367 135 678 673 382 138 482 228 416 305 663 1313 329 236 737 1502 439 290 620 1099 357 183 641 836 350 287 722 
274 822 407 162 585 1838 494 76 484 147 406 181 495 1152 389 160 616 676 385 147 436 210 434 289 632 1518 472 268 613 1300 322 243 766 922 355 258 725 
275 1131 368 157 695 1000 328 183 681 1840 511 77 556 1480 421 85 273 689 372 168 467 1238 324 207 779 1508 479 280 603 1050 364 186 682 834 417 193 563 3 373 168 668 118 429 311 628 
276 1388 423 74 315 852 401 167 545 918 380 194 643 1843 487 73 494 1465 451 56 215 1482 423 87 258 102 393 197 664 2 135 230 886 958 362 200 702 683 377 151 448 1092 348 208 718 1507 442 282 620 1216 336 203 728 
277 1846 509 75 555 687 391 147 457 1430 388 151 474 1500 477 302 603 1008 354 257 707 828 355 241 720 1227 293 226 812 0 98 422 982 
278 1842 492 77 483 1500 443 60 219 0 332 125 763 1428 453 60 283 680 388 143 423 1511 434 283 624 1216 306 246 809 766 367 209 720 925 341 244 762 87 110 470 976 
279 1468 467 54 192 1010 389 154 647 1530 444 66 210 1348 359 136 635 1789 375 126 270 172 544 122 542 1512 454 295 594 1188 320 211 790 675 371 175 711 791 336 256 770 7 355 188 727 259 209 412 872 
280 1842 504 75 456 1437 427 99 473 894 409 118 387 1539 439 58 215 735 366 176 701 1502 478 291 602 294 526 132 549 1289 350 186 646 372 247 406 842 997 316 286 780 105 383 203 675 
281 1838 505 79 457 1469 392 136 489 200 377 163 687 501 333 207 742 1254 364 231 606 11 398 138 644 1515 447 280 604 1080 386 126 426 270 341 287 744 908 331 211 767 633 242 329 867 
282 1099 429 86 395 1039 396 109 472 1140 444 57 307 1840 497 78 470 1456 468 54 254 2 432 62 555 1172 454 90 280 686 330 157 728 1507 422 284 638 1236 393 237 560 351 337 277 743 64 418 148 573 175 398 207 683 777 235 322 859 
283 810 405 101 600 1534 455 58 209 514 563 98 432 1836 500 81 459 1104 463 95 388 1188 463 90 272 390 380 154 641 566 336 155 738 584 306 228 799 5 394 239 651 178 341 263 750 1514 433 279 630 1313 373 228 706 853 248 300 853 
284 1 361 125 717 585 577 101 419 1838 495 81 479 1099 449 91 302 1018 377 105 423 671 464 95 315 51 342 282 741 1517 477 280 600 413 319 240 765 1199 370 240 709 753 254 306 839 
285 1215 459 41 56 644 449 92 144 1832 477 87 513 500 383 113 587 607 498 138 487 1229 439 128 415 1505 469 288 616 3 344 257 729 997 354 257 745 1388 382 208 547 780 303 255 785 250 304 295 810 
286 774 381 186 700 1830 510 92 571 1098 427 116 331 0 346 169 748 410 411 123 515 498 394 150 565 618 524 133 443 1514 469 281 616 943 320 196 696 1405 386 198 542 170 309 273 798 1227 441 150 418 812 377 207 712 
287 2 442 86 563 876 431 106 422 36 371 163 683 1843 505 76 566 1158 430 78 305 1379 448 89 302 1460 406 143 473 547 389 122 570 420 406 151 537 1516 469 281 614 591 355 272 708 142 326 259 743 1225 431 145 435 951 343 280 704 
288 754 449 65 149 81 302 227 732 1842 497 75 465 1352 458 58 206 1396 434 87 277 921 369 183 557 464 411 121 508 7 292 122 715 1485 389 145 413 352 394 118 546 106 308 282 793 1508 472 289 608 830 439 191 514 493 357 314 731 1060 331 273 681 
289 1511 418 129 343 1836 514 82 422 660 420 119 502 1373 443 95 281 1461 452 59 220 119 306 173 696 1 336 220 664 769 406 199 540 1506 441 296 611 282 397 199 605 425 354 269 724 943 358 203 540 1111 338 251 635 
290 1835 529 83 372 567 419 96 499 1381 428 85 290 1524 400 121 356 507 400 101 554 1 305 126 814 270 397 240 746 1471 450 64 225 619 526 122 408 1507 477 287 596 753 432 189 492 986 341 204 584 1187 332 217 618 106 316 208 664 
291 524 427 94 480 631 410 125 484 1834 521 85 384 240 337 133 622 1504 418 137 339 1462 449 61 224 720 442 104 296 580 524 121 400 46 370 294 721 417 397 165 592 1504 484 291 587 769 442 216 474 1128 405 177 510 963 334 187 587 1273 336 199 600 
292 1524 414 109 313 1834 527 84 378 607 421 69 117 408 431 93 410 604 518 106 399 707 437 106 326 1234 424 121 324 385 427 91 432 4 369 121 697 1503 479 288 595 837 317 212 631 464 400 169 551 1058 415 208 508 1333 356 192 574 222 336 182 616 
293 1832 533 91 370 1094 407 113 349 1788 406 102 322 865 431 130 488 1190 423 113 344 1512 429 287 633 965 401 210 582 687 329 220 649 1375 392 185 515 259 345 201 590 486 403 175 541 
294 1039 431 104 312 965 441 90 290 1834 513 85 402 720 535 96 347 1390 436 85 326 1442 361 159 570 1061 414 120 346 1519 450 287 592 1181 431 110 340 543 298 196 697 307 343 217 598 804 417 218 570 
295 1654 411 75 143 1834 523 83 385 567 404 111 510 1511 390 135 360 809 458 121 349 1405 428 121 349 1077 407 112 350 1513 441 273 610 245 432 137 403 1183 426 112 342 920 446 148 426 387 294 208 716 606 414 222 580 
296 760 441 73 151 1095 430 98 301 1834 527 83 379 1222 436 102 314 922 446 101 315 1459 432 115 327 785 525 126 360 1184 430 116 328 1001 449 147 405 614 411 193 505 1343 430 139 347 1503 437 291 621 148 307 233 713 415 406 243 617 
297 1829 530 94 377 807 524 120 355 1189 430 99 324 4 362 79 577 1749 395 126 371 569 442 107 399 1367 445 111 320 1261 434 102 337 924 445 120 359 1504 470 293 611 1057 442 153 411 659 423 176 485 407 360 184 528 199 397 258 664 
298 667 419 189 476 1422 489 62 163 1349 479 58 225 1519 423 109 325 1833 529 85 374 1314 440 82 318 626 422 122 437 1270 435 90 334 329 411 107 379 7 406 148 647 723 439 120 438 953 437 113 371 856 533 104 328 1190 435 98 337 200 436 144 424 1506 445 292 605 1049 441 146 418 409 350 179 547 
299 1826 539 98 362 1255 444 54 285 1436 496 58 170 995 437 96 326 1771 385 137 367 1316 474 69 229 606 416 89 414 761 442 115 404 280 415 117 411 1180 449 97 295 853 475 118 374 653 438 124 432 1501 479 295 599 185 441 130 431 1058 456 148 394 441 368 169 513 
300 1267 451 90 278 1829 521 93 384 1307 454 89 271 1031 432 87 316 849 484 93 357 653 425 117 429 1184 436 87 314 729 434 114 431 1499 387 133 352 1070 440 147 402 357 431 133 388 187 431 137 455 1506 476 292 603 917 444 127 393 478 357 161 527 
301 1053 424 62 116 1828 534 96 370 990 450 118 363 643 423 92 357 1304 448 91 280 816 477 104 359 1167 441 106 374 1802 411 109 292 948 444 139 377 1346 352 202 546 695 433 139 416 1084 444 123 389 333 430 134 389 195 424 138 466 1502 478 289 605 499 355 146 532 
302 159 417 84 436 1438 486 52 164 1166 431 91 300 1835 530 85 370 797 454 105 378 1513 444 106 306 878 429 126 387 716 434 139 427 178 417 165 499 325 425 124 401 1495 476 300 601 1014 421 146 409 549 374 160 492 1195 337 218 570 
303 322 427 141 263 869 455 88 364 1384 460 88 270 1832 526 89 378 1347 454 80 287 758 434 146 401 591 385 159 429 934 443 123 377 158 415 158 324 1055 337 187 578 1493 471 327 616 1234 428 127 405 
304 1839 538 81 353 1419 454 67 289 509 438 116 342 1083 438 122 397 1496 460 326 637 1326 450 79 295 781 432 148 391 364 429 137 413 626 379 146 481 894 344 204 582 110 408 191 537 1206 438 131 381 
305 1843 534 80 354 1108 453 97 360 936 469 93 339 1513 468 326 616 1410 454 89 290 660 383 112 427 1486 436 112 336 1014 442 145 397 409 435 134 425 95 406 192 540 1303 445 98 312 743 343 210 613 1178 427 134 409 
306 1851 528 73 367 1382 470 53 184 1432 439 58 310 1466 437 120 330 706 391 123 418 188 398 119 479 69 432 172 525 976 439 156 410 412 425 132 441 1133 434 137 380 1509 430 345 628 842 441 140 367 515 320 247 686 1285 448 118 307 
307 1428 432 48 315 1592 356 142 284 825 442 79 312 1382 468 53 186 423 429 119 458 1244 444 104 300 183 376 122 528 885 445 100 357 951 445 140 408 1287 445 110 318 1448 435 122 341 547 447 124 349 1503 420 364 650 1093 427 159 424 239 355 237 638 28 422 209 541 700 389 140 427 
308 877 454 97 268 334 423 112 442 824 443 84 298 1362 446 51 240 201 410 118 469 1194 427 82 342 1291 442 109 303 406 431 121 451 332 417 193 482 1254 444 113 314 517 438 113 369 1076 421 153 435 901 424 196 444 1510 420 348 648 0 319 222 703 719 396 130 412 1350 366 222 523 
309 1586 490 41 157 199 392 115 223 410 451 122 404 1637 486 69 165 159 391 164 611 356 419 211 472 1503 483 63 171 1310 439 83 312 339 428 127 451 1079 432 128 422 1145 357 176 543 91 403 197 610 1399 444 102 323 492 446 105 373 889 426 193 451 1527 438 371 615 738 402 133 403 
310 1624 484 59 169 1198 450 82 277 1586 488 46 154 1482 485 77 171 1292 436 94 331 1239 441 112 314 895 368 219 539 1369 441 114 326 308 397 213 525 1530 436 367 613 1061 419 155 413 59 387 238 635 734 397 142 388 
311 184 400 122 513 796 428 90 326 1614 486 69 164 1489 494 75 175 1201 445 77 317 856 439 187 445 1531 442 364 597 1283 450 107 342 1388 445 101 323 286 400 210 520 1067 422 148 464 27 401 212 616 614 387 220 489 
312 1502 497 68 173 766 418 122 304 679 470 97 265 147 367 116 584 1594 497 68 165 1187 451 96 306 739 413 112 327 1384 447 105 314 1285 452 112 344 830 429 203 466 1527 439 371 612 1029 421 185 465 7 374 197 673 261 398 195 557 466 374 221 514 
313 1225 444 97 319 687 488 82 263 1627 494 47 149 1184 446 101 302 1563 487 68 169 1389 447 86 295 361 383 113 544 748 411 110 346 822 434 180 484 0 392 103 654 1284 445 139 363 245 389 196 569 1532 439 364 608 1003 423 139 481 73 372 188 582 
314 194 381 113 514 1106 456 97 286 1610 487 57 164 1150 460 97 290 1542 493 65 177 685 475 95 263 1403 448 90 320 1227 444 89 328 989 419 139 498 1301 443 110 366 1531 444 366 597 758 419 176 495 268 403 217 547 27 364 215 604 
315 1579 487 49 162 1072 450 107 284 1052 432 95 312 1457 445 95 314 1150 476 98 256 1233 432 100 342 1405 448 91 314 1291 431 119 382 851 416 97 339 712 431 169 498 1531 438 364 606 241 397 227 596 916 426 166 492 13 341 219 642 
316 1397 450 85 305 1610 494 55 155 1446 444 98 321 1219 449 87 281 1109 490 92 269 1021 448 115 314 840 425 176 500 1527 437 372 610 1291 432 121 398 669 430 182 501 189 375 234 642 16 335 213 653 
317 958 424 105 327 1648 485 45 162 1170 470 88 272 1590 489 46 161 1099 457 108 296 1456 452 100 341 1263 455 92 335 1335 427 123 407 144 382 224 629 573 426 225 509 1524 437 375 610 979 421 136 329 10 336 192 675 805 422 188 503 
318 1456 430 104 398 925 446 93 281 656 466 88 267 1169 455 54 281 1388 411 133 439 1180 464 90 283 113 351 252 696 785 410 185 542 1260 439 107 365 0 332 166 671 1526 435 371 614 468 439 228 510 1054 423 125 324 
319 892 442 89 297 1108 449 115 282 1388 448 61 279 3 334 96 650 624 480 97 286 925 459 99 275 1006 468 109 274 1447 406 138 449 86 344 228 704 752 409 187 542 1248 431 111 348 1529 441 365 602 1136 427 117 315 452 430 211 537 
320 1389 425 56 341 865 449 89 303 1324 445 87 308 1193 414 92 329 1603 386 138 282 945 453 93 296 1232 434 119 373 994 463 102 286 630 477 101 283 1427 440 132 364 1531 454 366 572 1077 464 104 279 437 430 208 543 0 346 273 725 692 423 180 546 
321 1192 419 67 134 887 440 102 302 1164 435 82 316 808 437 128 314 1541 489 54 163 946 452 112 300 212 436 123 425 1330 446 84 309 980 456 130 297 1417 428 138 388 1116 451 105 306 1521 443 380 598 0 359 250 697 1214 428 133 396 452 416 198 563 618 408 199 548 
322 1342 441 79 305 809 440 125 314 893 447 103 297 923 454 100 281 572 460 103 321 1396 411 136 423 281 402 139 483 990 460 126 291 4 351 199 710 1523 446 377 596 1233 409 130 419 1150 449 97 306 634 407 188 579 385 402 216 596 
323 1515 497 47 172 474 427 145 412 814 440 106 317 555 468 113 317 1176 452 89 286 0 340 171 737 1237 428 131 405 1118 433 102 305 911 454 116 285 1013 474 114 292 1392 415 138 415 1524 445 375 596 169 440 154 376 310 413 223 587 647 390 200 607 
324 1351 436 54 257 1517 496 52 143 813 474 91 310 890 447 102 295 1104 439 101 305 4 359 175 611 544 419 134 428 1043 468 107 308 1144 423 88 311 913 453 116 285 1525 450 374 584 294 429 238 587 1210 430 141 407 91 395 171 543 1386 413 146 426 636 405 224 598 
325 1019 485 65 164 800 438 98 310 878 443 97 298 4 389 95 539 500 454 129 343 916 453 106 286 1525 448 372 589 1101 434 113 341 1208 416 151 428 126 427 170 501 1378 427 145 423 276 404 255 628 604 378 230 646 
326 439 427 97 417 1182 437 106 390 1548 497 52 139 793 424 81 123 23 412 125 484 507 453 86 352 1498 462 52 199 1307 450 81 311 3 389 87 636 162 428 144 436 1108 432 101 295 1201 434 138 410 892 418 155 429 1504 477 369 602 1369 440 141 401 252 417 259 622 558 383 237 656 
327 109 388 168 647 433 428 132 402 1523 467 72 194 6 382 106 509 870 445 79 308 1311 459 86 293 1090 434 111 283 1506 470 367 615 760 425 139 397 196 387 243 675 1386 438 131 423 1176 422 146 438 510 374 209 673 938 423 157 425 
328 1323 460 62 268 1541 467 77 185 1253 462 80 271 739 412 112 353 1063 491 62 186 1278 448 64 288 6 381 109 509 351 404 160 587 1378 425 133 439 837 419 111 401 1502 473 375 610 1111 406 175 470 918 434 151 424 457 362 247 696 106 386 285 692 
329 747 424 104 330 927 428 113 389 1048 488 63 200 1580 466 77 188 251 437 126 426 1219 441 103 362 1100 417 139 459 565 395 170 554 1511 482 404 604 1359 432 143 450 815 432 184 446 371 384 239 685 23 369 279 713 
330 917 433 54 322 1469 473 70 179 1548 498 52 166 883 455 83 288 1608 462 75 196 1222 435 95 381 951 428 144 386 1526 454 372 575 1304 430 128 470 210 436 152 436 550 417 143 471 1082 404 169 502 2 365 227 702 695 397 191 565 329 371 255 710 
331 1566 491 58 157 925 455 95 277 1019 440 73 233 1482 468 74 190 1619 453 69 206 1396 445 101 310 1200 428 91 396 205 439 139 413 486 422 129 481 1522 450 379 583 1284 408 134 528 2 392 165 675 626 410 178 509 1062 390 172 537 783 416 184 525 305 382 228 705 
332 1462 469 70 197 1450 454 96 255 1252 425 124 454 1247 413 187 520 1580 452 113 268 712 421 88 318 452 433 106 414 1363 447 93 372 1192 441 86 372 802 451 86 285 1534 469 361 544 7 375 156 701 570 414 204 524 1055 402 177 517 886 422 178 503 245 350 274 749 
333 34 379 124 236 690 414 115 334 1177 428 91 398 1566 439 106 317 433 453 114 396 924 449 110 288 1500 490 378 572 1457 439 120 389 6 365 151 711 805 456 95 292 529 387 203 574 1250 400 192 541 1043 373 187 572 187 356 273 738 
334 427 447 99 390 652 406 135 368 37 372 170 550 1172 424 105 418 930 447 97 286 1565 440 110 299 0 361 130 730 1535 461 359 559 821 456 85 296 1449 436 118 382 1260 398 195 556 1007 382 179 581 483 392 185 569 208 364 276 712 
335 1324 399 189 550 1233 430 65 183 928 443 88 281 644 418 134 332 1 439 102 462 1149 424 105 402 1589 436 98 297 1115 413 107 427 1520 487 391 594 1274 377 189 596 1484 433 96 392 820 455 87 295 56 382 162 491 464 389 174 577 974 406 176 574 231 377 300 707 
336 135 383 117 503 6 437 92 568 101 372 189 557 1496 434 145 403 682 400 131 355 179 369 165 594 1462 413 143 440 1518 484 392 590 847 455 103 280 1227 350 231 658 1101 400 123 455 949 387 186 608 279 363 306 708 
337 706 454 138 388 868 468 50 234 545 449 106 347 112 354 153 643 700 419 139 300 1611 451 54 203 2 380 167 673 1497 430 119 410 407 385 174 646 1502 485 376 585 1409 424 104 449 1088 428 122 427 1204 376 194 638 171 356 319 715 897 380 204 630 
338 24 355 142 640 718 410 136 362 976 445 84 289 1623 467 59 194 3 373 123 700 1520 471 391 615 1062 427 140 422 409 409 196 621 1386 440 102 423 1462 432 126 420 830 396 182 620 145 334 360 735 1170 374 214 663 
339 949 446 82 299 1173 406 200 612 1578 473 59 185 2 410 101 513 1031 414 125 440 1357 436 111 440 1450 440 120 412 549 445 125 351 1528 431 368 628 1125 398 197 644 413 367 167 704 131 321 342 769 757 348 214 700 
340 1226 442 102 421 1653 494 47 154 326 378 136 667 1550 468 56 194 907 444 85 321 428 445 119 455 1286 433 123 463 1416 429 135 434 78 322 326 758 1521 438 379 612 1036 380 226 698 544 449 146 350 701 363 242 696 
341 1610 496 54 150 765 393 106 513 349 429 123 479 1523 474 74 185 1195 444 145 440 238 364 161 699 854 438 108 321 1527 446 369 592 1360 425 142 458 0 312 311 724 958 355 237 749 583 361 225 733 
342 769 408 127 350 1562 469 63 187 716 407 161 352 1508 481 56 176 321 401 114 479 690 401 198 491 1549 463 60 197 1230 431 82 417 1457 462 68 210 1141 429 134 490 0 305 131 799 1526 453 371 580 1307 413 127 495 81 349 312 740 899 363 208 735 429 339 264 732 
343 620 460 78 208 1626 483 56 167 1472 465 52 202 1820 371 96 256 1494 481 59 173 1421 475 63 212 1562 469 68 189 1061 416 170 518 216 421 131 549 1531 453 367 574 1180 416 103 466 1261 392 156 526 0 307 274 793 797 349 214 746 341 328 279 766 
344 1641 482 60 174 534 360 163 545 1764 412 63 148 1470 467 61 203 161 445 136 417 1557 463 77 197 918 420 128 488 508 375 135 495 1498 492 382 578 1224 394 171 544 1027 410 197 540 0 341 215 738 691 321 263 810 259 364 291 718 
345 1539 479 48 148 1554 433 98 274 1084 426 129 460 1419 454 70 252 1361 462 67 213 1627 385 104 280 1474 462 62 209 872 391 140 501 0 358 195 700 1500 492 377 582 1211 400 169 538 977 436 180 526 582 340 270 744 197 324 286 757 
346 1090 393 107 547 1577 412 131 333 1379 412 109 422 0 279 189 766 1501 489 375 581 806 401 178 555 1446 367 135 469 1192 393 150 559 513 343 275 748 143 307 254 788 975 416 171 568 
347 1445 463 75 206 6 297 169 727 1071 405 109 523 737 376 173 599 1145 406 157 591 1519 399 144 376 1502 489 371 577 67 292 278 821 1309 363 144 478 500 323 282 776 934 399 166 596 
348 1573 467 50 185 430 373 129 221 712 378 168 573 1636 485 65 172 404 357 162 627 1330 441 92 241 1219 388 129 421 481 319 285 785 1058 384 178 635 5 288 253 746 239 433 183 560 1501 480 378 596 1436 415 154 357 879 381 185 634 
349 1546 472 70 189 1246 469 101 232 942 414 101 440 385 355 340 703 1025 377 207 661 148 383 196 638 1504 487 372 586 0 268 196 770 1372 420 151 365 795 386 199 661 
350 1174 471 63 199 1460 466 65 205 1540 479 65 182 1234 459 62 241 854 378 132 434 139 581 135 435 197 288 449 802 1499 495 379 570 963 366 218 697 10 339 154 727 1282 349 218 548 679 372 229 694 
351 1172 477 63 208 1462 458 57 210 1250 479 53 207 1203 476 70 210 760 389 137 629 89 303 482 777 495 382 152 394 1484 349 179 586 1503 439 369 604 7 315 165 690 883 380 239 695 1293 421 138 345 579 377 223 712 
352 274 334 131 212 933 399 164 652 1198 477 66 214 1172 475 73 215 379 351 174 482 1088 467 98 247 1407 444 202 432 1260 431 126 313 786 363 246 722 1530 430 364 622 640 360 144 680 0 252 447 831 462 391 233 685 
353 56 370 262 573 1559 478 65 177 3 319 198 775 458 373 184 685 316 366 140 429 561 345 136 699 1158 467 75 226 1072 463 113 249 902 442 168 511 1366 464 161 398 1533 435 363 619 1234 418 142 340 680 357 227 737 377 367 225 711 
354 1040 468 97 248 1166 477 60 211 1636 516 62 134 51 385 145 353 1132 475 74 213 5 354 181 735 1564 488 66 168 1095 469 106 238 197 363 155 315 1493 470 68 191 817 358 148 606 1347 460 161 393 939 430 136 492 481 383 157 673 1225 426 126 309 1536 437 357 610 594 344 209 739 267 376 224 728 
355 408 409 118 486 1158 469 69 201 1569 481 57 176 104 338 150 652 1505 474 69 183 5 371 121 681 772 390 186 573 1222 434 122 300 1334 448 160 392 916 357 211 582 483 349 281 731 1528 443 366 602 158 370 251 698 
356 330 367 164 691 1533 478 66 185 1466 472 69 189 743 546 154 402 1231 439 103 297 343 359 276 705 851 394 182 544 631 464 127 469 3 314 160 539 1531 441 361 602 77 367 266 715 1041 372 218 566 1315 446 148 386 
357 770 452 185 453 1085 470 77 226 1469 473 68 191 1535 480 66 181 473 388 117 520 1317 454 129 390 256 339 268 747 1528 443 367 599 0 358 218 704 1177 381 178 546 919 397 192 537 657 483 137 436 
358 1095 490 69 211 1 367 70 694 1473 468 64 197 859 519 113 399 1164 453 94 274 1413 465 66 201 1549 464 123 255 1532 451 362 581 782 446 119 456 121 302 301 810 948 422 195 483 1237 384 196 532 680 460 129 469 412 360 177 548 
359 868 449 105 397 885 470 87 169 1594 500 68 159 1425 472 60 192 1131 456 117 257 838 552 124 349 1476 458 112 322 1529 440 366 608 964 418 188 477 728 482 126 428 4 289 344 770 446 377 201 525 1216 371 193 521 
360 1568 488 66 166 1544 487 59 163 1098 449 92 280 727 483 135 370 1380 458 65 222 859 446 115 452 1197 374 179 506 753 464 138 423 1528 449 368 587 970 410 177 473 4 250 248 795 1441 463 113 314 526 382 192 494 
361 872 473 119 230 1307 474 60 213 1649 492 56 155 1401 461 115 281 652 368 131 515 1538 472 74 190 0 222 165 850 1357 458 76 246 1426 469 116 303 863 555 122 341 1529 460 368 564 999 410 143 461 753 457 133 427 1148 368 182 510 
362 1641 481 63 169 1513 477 53 182 794 378 129 380 1563 482 66 175 1368 470 60 227 884 535 109 337 1297 473 69 216 1408 464 101 312 1527 459 371 568 713 472 151 401 1027 418 140 442 1147 386 150 473 
363 1633 510 66 147 1548 462 45 200 1579 474 51 185 1360 461 61 214 947 559 101 288 697 450 111 419 851 389 148 392 1290 468 63 228 1399 460 109 295 1528 457 368 570 1154 415 136 416 771 475 139 396 1037 414 150 448 
364 1351 467 49 191 1470 475 71 189 676 449 87 352 1168 428 104 342 1285 470 69 230 918 388 128 410 1538 463 66 193 1070 431 128 416 832 481 131 384 726 450 125 404 1528 454 369 577 1374 471 119 295 85 376 331 712 
365 573 328 478 745 945 399 125 221 954 400 109 350 1438 481 46 166 1543 471 46 181 801 453 111 367 1613 512 66 145 1048 451 62 124 1494 483 73 192 994 574 107 267 1287 466 68 235 1359 461 102 288 889 484 115 374 1526 451 372 585 1082 413 156 431 636 389 314 657 
366 1392 476 62 210 1609 515 67 143 1042 482 83 350 799 464 111 366 1499 469 77 201 695 456 127 386 1299 464 115 283 602 447 94 346 841 471 106 362 1525 447 374 592 1099 327 243 759 653 461 143 376 934 477 121 357 
367 959 409 127 137 1361 468 66 232 1466 476 49 169 1258 467 110 271 1380 477 68 216 1137 440 127 380 1293 458 100 278 1491 345 224 447 1085 410 152 430 0 333 138 739 962 469 105 359 1494 428 384 620 857 458 127 373 544 438 137 362 657 450 140 395 
368 1080 424 224 410 1507 474 75 189 1604 513 72 143 1470 482 50 167 650 437 84 321 1383 477 69 210 1124 434 140 386 1249 473 103 264 1092 426 135 401 1524 448 378 591 851 456 130 372 986 465 124 361 501 429 136 358 692 459 153 395 196 381 363 632 
369 1610 507 67 151 1262 464 82 277 998 474 113 344 1390 481 67 213 1505 469 67 201 1071 475 93 348 872 452 94 355 974 476 107 354 1526 453 372 579 1144 433 135 385 757 469 148 394 572 347 229 662 424 441 165 366 
370 1007 412 88 345 1359 467 64 233 1369 457 104 243 1297 460 92 270 1605 505 67 154 1278 463 86 276 1493 475 68 192 769 468 123 381 1072 487 101 327 1526 454 373 578 1151 424 142 398 599 424 115 394 382 448 183 370 851 347 191 644 
371 1097 469 97 339 1340 490 71 219 1397 477 64 217 1535 493 59 173 1594 506 74 153 1032 412 97 339 1475 468 65 202 964 498 113 308 1525 450 374 588 766 452 201 421 594 419 115 406 365 447 185 372 1179 330 250 688 
372 1557 342 154 421 1060 576 113 234 1468 464 61 199 1025 428 109 299 1361 463 101 276 1274 465 69 233 1531 447 369 589 595 421 153 401 749 456 187 430 947 496 101 309 1133 437 139 365 375 440 167 382 
373 1414 471 89 246 1610 509 68 149 680 435 99 321 1523 498 69 164 1346 479 68 218 1011 432 111 328 1269 464 68 240 1529 449 367 587 933 501 98 295 737 465 185 422 392 440 164 390 1138 437 135 369 
374 1452 468 108 229 1549 503 47 158 773 488 129 361 1396 482 56 203 1605 511 59 146 711 477 131 384 1467 486 72 199 1279 460 58 248 1025 434 116 285 1342 471 68 227 1244 457 85 268 704 454 199 443 912 498 109 293 1529 453 369 579 1141 449 120 343 468 447 155 378 
375 1613 511 64 148 1574 481 48 174 1394 486 58 195 1503 490 76 179 1275 458 62 248 1443 476 51 183 1341 472 67 225 1240 454 88 264 1032 433 115 306 1527 457 371 572 911 496 118 290 1145 452 113 335 674 456 203 448 573 436 148 395 
376 1284 478 51 215 1640 479 67 167 1518 486 78 169 1237 456 83 268 1338 479 67 214 1387 490 61 192 1039 425 119 332 1454 472 62 186 807 427 126 420 1152 448 109 316 1522 460 380 565 930 497 99 292 666 414 173 519 
377 1659 485 52 162 1522 497 76 169 1289 484 48 214 1381 483 62 210 1319 479 67 220 950 424 128 343 1462 469 62 194 1520 450 382 584 814 417 152 448 1176 439 111 334 1079 425 102 313 635 465 197 464 
378 1656 488 52 158 832 466 121 280 1529 484 76 174 1363 478 60 216 1454 471 66 189 1186 440 84 316 1228 447 90 290 1312 480 62 219 1070 427 142 429 1523 457 378 572 912 417 189 455 618 444 206 500 
379 815 482 95 285 1028 498 68 202 1501 494 46 152 1538 494 74 172 1641 480 67 173 846 479 104 282 1374 481 66 217 1438 476 68 188 1229 429 151 429 1525 459 375 566 959 492 97 277 1047 417 209 459 608 437 215 525 
380 1543 480 65 179 847 482 105 274 919 485 61 218 1168 446 91 296 1631 476 73 178 1005 493 99 275 1105 453 112 298 972 485 98 288 1410 389 150 472 820 479 105 287 1527 454 372 575 1238 404 211 478 584 437 211 537 
381 1150 463 98 268 0 614 222 479 1064 512 70 242 1200 453 58 268 1002 494 98 265 27 555 308 540 827 473 96 292 1590 395 120 316 1321 438 114 288 973 489 99 281 1105 458 114 294 1515 478 398 602 1430 380 180 506 1230 428 105 292 532 421 219 556 
382 1058 448 60 144 1184 467 86 250 1493 477 58 177 1606 476 61 180 1240 460 56 257 1174 454 62 263 1544 481 72 180 1287 434 95 280 67 768 402 340 974 490 97 272 847 468 111 278 1093 460 109 289 1524 453 377 575 1374 444 108 276 433 431 205 555 
383 1499 476 49 178 1388 444 51 275 1537 484 71 174 1220 460 98 258 989 494 101 261 1415 447 103 257 883 470 104 274 1307 434 93 279 1086 461 110 284 1520 450 387 586 0 392 318 686 298 429 209 571 
384 928 461 93 287 1609 479 54 169 1237 478 90 236 0 418 215 622 905 489 89 258 1649 474 60 174 1538 482 70 176 735 505 184 311 1273 486 69 222 1434 439 98 261 1216 465 66 258 1336 431 92 278 1530 457 367 569 998 497 95 259 1103 452 98 303 129 418 235 604 
385 1648 486 60 162 1192 494 168 321 1497 514 59 150 1571 498 68 165 1344 427 68 256 1150 501 243 431 649 486 153 334 1097 457 113 284 900 481 106 275 1406 446 93 275 1531 454 363 575 1007 500 95 253 2 414 203 601 
386 1220 462 119 262 1540 498 75 168 1453 484 72 197 1376 457 107 243 828 489 179 338 1006 505 101 241 744 475 101 247 1533 460 361 562 1096 458 121 284 
387 1540 491 64 155 1568 491 75 158 1278 464 65 262 1165 445 63 287 1061 467 57 271 1459 481 70 174 1332 468 99 258 1240 449 91 264 1362 474 98 256 1105 468 105 271 930 466 158 376 1528 457 369 574 744 477 107 250 
388 1614 488 69 168 978 495 78 205 1260 456 94 264 1375 471 103 314 1473 491 54 189 1066 498 71 248 1528 484 65 176 1299 471 138 323 951 477 112 244 1091 469 98 263 1179 460 88 265 841 453 101 267 743 471 101 266 1531 448 364 587 
389 1526 483 62 172 1059 483 58 245 966 485 100 234 1614 487 71 167 1367 470 57 189 1409 471 91 265 1274 454 80 278 743 469 98 272 831 450 96 281 1529 453 367 580 1081 465 100 267 1188 460 90 280 
390 1326 475 63 216 1098 469 90 256 1101 444 58 305 1343 469 57 198 1060 489 59 236 1207 465 60 238 1602 489 63 165 1503 482 62 176 955 465 97 271 1156 469 90 252 1257 465 88 261 1412 467 99 279 749 466 111 273 851 441 101 295 1526 451 372 584 
391 1585 488 59 168 1192 456 88 258 1240 466 96 241 1027 508 75 223 1275 460 66 243 1495 477 68 191 941 461 94 274 1405 473 98 263 1338 476 69 217 854 441 103 309 1523 455 376 574 739 466 120 282 1106 459 95 282 
392 1242 447 68 265 1494 482 69 178 1313 465 53 205 1006 491 69 231 948 479 63 235 1174 466 87 266 1075 461 103 282 1371 472 104 269 860 446 112 296 1527 450 370 588 701 462 132 286 
393 1247 490 53 186 1582 495 68 173 1497 491 64 179 977 490 67 232 1144 462 99 264 1277 492 72 197 1360 474 107 258 1047 453 91 303 870 436 108 316 1524 448 375 592 681 459 139 291 
394 1643 495 61 154 1573 507 72 154 1230 487 61 190 1487 478 70 185 1288 486 72 198 666 468 126 299 951 489 61 232 1118 463 91 271 852 444 113 302 1525 449 374 590 1371 468 108 279 1023 455 103 290 
395 1646 494 55 155 1500 497 60 167 1537 496 72 171 1452 494 71 183 1242 468 67 206 843 444 124 303 1308 485 68 204 664 464 117 307 1497 495 384 572 1103 454 95 294 1367 477 111 285 1005 460 104 287 
396 1534 498 63 165 1473 489 67 189 1225 490 69 190 651 464 131 312 1314 491 66 197 846 438 111 318 1525 457 372 574 1111 458 98 289 991 463 117 286 1369 475 121 289 
397 1496 481 76 178 1643 493 61 152 1531 483 68 171 946 502 60 204 843 440 114 320 1322 493 72 193 1214 490 66 196 652 462 150 315 1107 454 95 292 1389 473 110 296 1529 456 367 575 1007 453 106 303 
398 1232 468 66 203 994 460 111 283 961 463 118 278 1096 455 103 297 1343 491 68 192 1592 400 125 314 1496 489 387 586 673 461 148 319 826 436 145 317 1399 476 118 303 
399 1237 493 68 195 1017 456 99 275 1212 490 69 221 1641 487 63 163 1058 461 69 249 1346 481 67 208 1407 478 91 291 1468 384 144 422 1539 450 350 587 950 454 130 297 1106 458 107 286 822 441 118 318 676 454 148 333 
400 933 470 60 239 1564 503 66 157 1061 455 55 268 1639 493 62 156 1219 468 55 193 818 428 109 343 951 456 118 296 1356 404 181 428 1094 444 104 322 706 451 134 344 1521 447 380 593 
401 1461 497 55 168 1643 469 85 176 1544 501 71 161 1435 494 58 179 1228 465 66 209 1515 473 394 534 1059 446 116 315 1265 396 184 448 947 445 109 320 1153 500 73 202 720 442 158 360 
402 1538 494 55 149 1566 514 65 140 730 429 136 345 1627 457 90 194 1435 498 69 179 750 458 156 338 1514 457 397 567 1323 470 97 313 1202 406 136 431 1027 450 112 308 916 442 135 327 
403 1387 519 44 135 1514 499 43 133 734 441 121 357 1603 455 84 198 785 443 127 360 1019 450 117 307 1435 499 68 177 1118 379 185 489 1492 483 390 590 910 440 129 333 1281 463 118 333 
